"property_id","price"
"d56159653f5d2abc5ed5acd7",617508999.930421
"45550aa81c0151f1fd9fd8fe",748426268.951926
"735deef3382aa15930482f3e",497131746.922438
"0dd49fa8bb7be52b851c6dc9",622984479.538713
"7d3220a91e78f8bc2924d1cd",759685327.33885
"d3054072b2175deec2c1f8dc",504697699.230431
"b7574b06d593fca4eac59815",504539112.682937
"79e822115c5c1a4531366001",733200453.292014
"d3ed5316a463d38c1bd321d0",740993412.204447
"2f1880c9b8f7ac2715e1236d",608966927.877396
"dcca1c7f109175760ff531c6",783474128.515821
"dfc4f3facf91bbd93ee0fa4d",417509529.067975
"30e134a6cbe61d7954d0f56b",456612828.710276
"385fee7bd9ad7722d45dd034",526657851.932922
"87199c236bf22903d1aafdd0",526657851.932922
"19e19ad0cd6b5e84d8aa970e",504297732.234214
"907f968e78d748fde69dd44f",693224804.02101
"be094e5db0f784e3aa013aae",707938870.632023
"7ab96f83915bc84f8c03c1bd",510902999.662523
"07f4aa9b9ff5b0b05d31e6c0",647435972.259414
"e9be8cd37abed8ab510ba1f5",764037676.596175
"5f6ad58df27b562db077b5ce",639416349.928975
"ee96d947484aaace40f9b77f",742752419.246462
"15c4aef8401208054697b81e",995869362.291583
"22d6cb11333f2839b8112b89",811371377.156029
"288c09c33907dadbae495c11",884601875.183289
"f71d2bca0c5fe2720a1544c4",387333695.835199
"451744cf3ce55a98db8a3562",392159365.307232
"fba9ae05a6a8a9e0c6268a9f",379251839.692969
"1338e58f7dcebf5a1ea59388",415625895.523082
"a817e8da0ada143ac87277ee",388053696.936429
"46d8bb3e9a0ca584d3c7a317",486563121.013051
"b2506aa9463aebf01e1e00ca",465359382.838548
"7ec025b9b6e6f33bf65af41b",501480418.016568
"2ff531e27672ecd2362eed55",500335876.631588
"9b3cf0d1b91b9c6a2a887647",521653702.754176
"7db5291ce4602d9b2b266872",475538819.505814
"65d5918e826c33bb950fc008",575813346.022017
"395c34e4b8f52cbdb0522459",562086875.061659
"855f4b67d2bd6d18fd03d8e7",570795208.418275
"9ff06409b37e5b5dece4604a",587434057.507966
"0508cd7bd2c77ebb6fea1e56",588048552.429593
"b45fff2e718e54772d46a3fd",561961343.853375
"cf4d2297b73dbc357d21e31b",580295226.064634
"0ada7044c5b29925abc90879",560307703.552253
"6305f02255274ab5fb6bd39c",631246370.240409
"d9a94194ae1350512beff3e6",610068434.950451
"e3896296cb80d50d9ad3f903",569011925.603317
"6514f355887c64136edb5595",695514730.688467
"f03400cc18e12903b3ffbe5a",648519310.246614
"4e134600155a64783b3f8c3e",690750547.623861
"d63ebc63c82fbf66d8b6ffd3",668856488.456576
"1bd64811bd59706844230198",663170218.665661
"a83921284639eedd4a511cb6",683242615.618173
"a2f3f7a1cd573e2a33f52e2d",688482798.041989
"47344a66471fa51f61c64652",674938324.085568
"78fd849c9429091347d7e5c9",670499047.112529
"c3daf2abea55af99c9579319",673862694.040227
"52864916eb1984abca41ec66",818700205.602897
"c62494a9d7aede44f2f84023",715924241.204265
"a2b576643f7a032371587e5e",617272717.287349
"e53bc68f0e97ccead24f3e56",535614756.274891
"fd82c710aad91bc90af490fe",649536192.513272
"d436abc2ee37ba3dd561e940",857835811.644411
"216a598114a403676011cb51",493856217.284355
"ea230d5eccd2b687888173bb",737076657.458437
"18bd0dd7580f2a7cb19a90b9",367269102.107375
"b143c8ca6d334f6a73c3f2a0",383607256.614008
"ab388cb4fa511968783bafee",510902999.662523
"6a4f08cd04d558a56af732d9",736540709.707629
"7216c895aa047c4f405c4941",689065753.170495
"a493488dcd906dc74cf8a604",603868972.274044
"7844b0b2bc65dced90a355c6",635069789.428271
"c1976383069b6b82ab29d092",439326778.208078
"e5cfd99e2308b7b73581dbdc",531025809.716366
"c18c2ea88f4ac53970b53d2c",484892038.089782
"842c9f0e4edf1e5a672ce15e",613889828.654089
"7dd1e46dcbddc6bf5ef694de",440492248.493533
"6cc4f32b39180bd1ec7e117b",705600910.77016
"79e643789a85dc4ffad49a25",775287115.530136
"b3402a9173d289d6db78e09d",685097425.17243
"a446507813234e358db8b573",737695788.230425
"c8ef57ddfb35061d1876f94e",781891147.014713
"360be0df2c003005e3db080e",762432215.996377
"9ab245a4c91877cb7a8661ce",762001333.423252
"a57a34c7486e7a40e8deb316",641935515.39741
"ceba7d0f56f6cb03538962fb",620372014.975192
"d5475993f9db58c3e4baf7a3",884105326.359804
"d37a1dda09e30da13ff5bfc3",619676522.887713
"68a8b8d077a8232723bf37e9",639416349.928975
"e1eea7716ca6490b7640717a",614742301.563213
"4ae6d75b10848d259ecba576",607345383.210865
"17afbce5c0b56732abbea936",652444226.995521
"84a2673eccd3cf3bd7fd3eb0",818700205.602897
"f2f4e6cbafe527b155707f01",811371377.156029
"de2e3a592cda5b76c9573c5c",836683956.532357
"fac651cf404a58f24dc7d286",839499332.68115
"e6f312a0877af26b69855a3d",930850147.194857
"333a643c623a9bc75f3a40f2",894780994.620067
"64593641e470908ef23b46cb",747666119.85565
"ce9f2f0071be658ae75ca6f9",696212968.711093
"9ab385e399a4673732b6a799",692365902.896122
"3429c774b736cefc051e2c55",557902114.951403
"a51ad0372758b2bbfe73f8fd",546290790.628873
"8c801a266256e3fbabe7e3d2",687721979.200913
"ca2f81b8fb6fda20aefb0ccb",630371560.729337
"3c1b1f86087f9b99380e387c",599046283.923782
"b0cad5d612954b8cab18101c",831710739.72719
"7eb991f4c69215377e4dac8f",768352050.68323
"0d130b8bea4321300396fa34",804381550.159549
"8dfa059401e1dca80ae65ae1",681580939.402334
"3e3f264cd0ac7a65ed2349a2",641935515.39741
"112dce80bf512f3f24391d23",484892038.089782
"ff25ded6333278149f8fb68f",617616873.907642
"d555b82c192794e87e9d536f",634369085.19223
"a787382d96ef9fce8f27bc70",776757192.518441
"8c3aa295f7bcfd9a43eb2037",630548416.543633
"13ac95652fb3cf6c43dafc66",446448533.761915
"42fc6a80b882c32f6264ac10",403091667.233325
"1e9c53e09220d689a0210ab9",368937112.848321
"3348706086aa3db5c92259c3",554494244.844021
"66d402a9b7d05f29282ddb00",487582638.014898
"cf88be51d6f31c10e5868ff7",552471768.254222
"30b3f38716be209a894b0942",453452515.467602
"0a5908a92d0ba3e36f54b1f3",752969756.780665
"dd206b6ea2d7f6555109ea39",636370750.858491
"c641febd8bc2ece3e4d2d8b6",669336181.855571
"c11fdc02a288af0572a2bca1",799038926.71195
"35dc60a65969b264ab283d6d",681936556.277518
"d9cb0f637cd4feaaaf8a21c0",828961066.312186
"7e8dfae9a5f1faf8afa706f7",384825235.533174
"a280fe7610c254b935c9dcfc",405639013.201381
"85524880fdc4e4daf90e96fd",635937395.009081
"f361109d06f6609c16724b39",575813346.022017
"3f6b2f0c0876c21755369cb6",631246370.240409
"de26819064a290ce78d8fcc1",582886505.494386
"91be1260a84ab7fa3521c495",611324454.787542
"18c8dc4549d38c918af2972e",651681986.525983
"782b0fb8641849c2c34291e6",587407415.097509
"54933f8b33a4fd6f031ed5be",604505582.749073
"953176c9a901b4f61c030432",624458149.992031
"357e2add3d68167a4f3ce15e",633615439.53891
"90332d50e91925eb9b614bef",626656055.71127
"11723d1d472bf1a3fdd8b72c",829668472.096561
"01f8b6799e2910f7769db175",841916202.425772
"a0d5001f7dd42d7f0c91d2a9",624988711.538966
"d4439c35bcb88e1490916c67",694249618.60559
"4a73dad0ff8a5262e8b07c4b",765924055.111051
"3dd8085a65f24b497ea59557",845525473.842493
"39ef085809bc80e32e7b6af6",806910996.673772
"b98ee16e8fd7d1c75a9da13c",812279956.12956
"16deb26bf740fa61e258f545",810476459.298057
"732a3bd457d7798e1fd892f6",764990923.506203
"1376058cb128a1c7729cd2e9",679766605.132709
"cac7e7c3e13af91bdc7107e8",771765465.620378
"9f3dfa6e1422f6aeac527c61",756982886.267536
"4dd3d1288ccb66ee4fb9c097",606959935.045117
"15fb97d6a43731d61e95d004",674266036.857655
"dac29573163315edf99e0e7a",721189034.129395
"b93f2864087d41c3c92d43c3",872545908.767959
"cd4656aed92f5c0a0b6b7c0c",872545908.767959
"556210496090b42ac10cf1b8",617272717.287349
"762979729fb21e56a32ed14e",617272717.287349
"ea935b76abe664d5e2c4736f",575813346.022017
"40e9ef1e7c6749b7a8d04ea9",556059173.5948
"058265732a484ac8d5497f5c",557489801.413614
"6f52ea8340cdd283f9a79720",543818637.537875
"cafe7c1ee67458e05c84d5fb",631246370.240409
"3f45ed2f08a2b03b738fbb5e",704918098.004613
"f203b18854b75c4564d7a17d",595238494.223138
"d5333f639d11bc3ab073ed72",385469863.566091
"c14f644116669a160446a945",405050226.236846
"de585856ff546e00a5a4672e",446866677.504784
"7a80663cae7c191b5d025fa0",379209802.213691
"71f80198e68fbba902650b1a",411224771.688499
"f3523e0626df8cea803ead0f",400364812.501073
"619abd5f978b1573761be86d",409419716.361526
"17a2323b855e93533a9f09f2",518607165.05791
"38e8630f2c05ea38e2257c21",540246082.768388
"1e3798d739f85ee0e5a314ca",518526318.287112
"46d0544f411bbfb6b452858c",511945002.744421
"605e7a71eecb13b23ffca0c1",589282455.047794
"7515b37b7ae7c62f3dafbe7d",529507186.067373
"28be121ada9c9303be802474",526352002.924336
"331d54f8a1bd3dabce73d6d9",498860407.680638
"22d167639ccaace593dffa31",497740149.322882
"36cd68fc3ffab79fcaa340ab",570421988.56914
"db924733e88c361cdfab874a",677938507.781172
"64eea2e9a13a8edfe8ac7027",653397792.808108
"97fe6eeed892111bfa20255b",623262331.009815
"b54e6757829ac95e2076d954",649605142.795346
"dd59b8122458557041903207",603863588.720651
"b35c58fc1c05a77433025318",628467994.247884
"c41964afa164d8b75f8dbe92",655511286.488232
"96b3ea80cce599b68f96f86e",645203198.952629
"a4bc87ad4f1ad97c0a63d843",660147691.150113
"16e62269e6aa2ea052d05f71",647226031.361482
"518b37b51f824fa0fb5075d3",600623938.334976
"e083d83369cbc93fb94842a1",635217728.605476
"57deff02895d5286eda10d89",605555264.250004
"7ed35835fbe694bc237abe38",645731448.246908
"b48efa9ddf36e85164354f26",602093084.845477
"5910c9b29a1025bada93a5e1",668744847.302048
"10a650e8cb5425c97f08f68a",657947928.195444
"9e0feca2ec3043ae6f840631",635767441.997824
"35ce37bbecac6b164fa21e6c",670387188.346765
"c4955010d066e013812a85ea",634502955.061022
"d5a83c31bec18d1c3eb9af7d",635395567.086438
"70217bd08583854329722821",621293404.739646
"28e748e7aa0a447731e06706",624230464.624466
"27929c0a3e0fd2d6d2969e03",617312802.766945
"5c5ea0d8bae75e0a5c88414f",680307712.73039
"2233f50cf7b04791cf1ddeaa",804788441.740612
"bf430621f17dcaf17fb91ac7",651641767.840307
"d8dc9de06461e0220bc55906",658550621.278096
"d988975f8c4e6ee8fd8dc1e1",745214621.945394
"bab884e0f99df269805e83a4",737845162.640092
"8fa9b20af1508af7a01e2267",803570042.914034
"b6f195d44ddbe10b78b97191",476411922.81987
"2ab0eeac4a228d5769fb4365",464325163.946997
"347a4deda03bfdde6d1c163d",565138210.697621
"17230f18b30b94606fea047d",505121085.400288
"eab4ae491bbbe7b8ab107229",642523560.240657
"07c753474a847bf2bccd55b7",527061627.456774
"b7ce05400f0261743073e072",657721990.702648
"4a33d213841d2af537aa967a",619513886.201937
"04eb0b590ce7483c615b043b",652756647.022041
"a01a51af09a3dc387a18b58c",750822221.555294
"270b930a9e22d5016ffa4019",785009527.861446
"5ed1320fe84a518e267ff537",948057514.373644
"f04b574dc221473cfd616e22",778529258.374478
"6f7e390aa6135019dc5a828f",624302036.295813
"776d4a19fb3852fe6dcd3ddb",638822758.924623
"b7f164b79658952248866c34",664679383.455634
"aafeff5826516e363471e439",563424957.991191
"eba6a2b80a17a846ae560ece",428593530.590725
"90e62f8656ae504bf6175e0d",713164707.18893
"dc4331d09a1e36baaa6bde53",605752455.001975
"372d67ccb9d251e290891f0a",510902999.662523
"a7801c67a0ddd71c50ba38d3",510902999.662523
"e4d6b81f169cab8ea0244d75",584038932.370212
"cd5c6655243a4be0912bc92a",641935515.39741
"f7a7281a19733251134364fc",820986722.803049
"a716ec25a219961fbe90f367",811371377.156029
"8bd45966c16d4eafb49ee2a2",803846138.057261
"baabbdaa5e8f69fc90d303c1",593017949.922315
"8bed46960db1b2a7954ffbcb",690750547.623861
"dbc123f9502159d660f375ca",891222670.653677
"a4683facc81ccda10e9ae388",696212968.711093
"3a576586fa1aac85c2ffb75b",884601875.183289
"b1fb98d0ba25b21c6647d423",671958201.346059
"97fa4be3ed93c37c048f507c",687185991.974907
"cf184cc576effe39c0f857b8",574037451.092669
"784f67fcb2d009d352740ed1",450247821.887972
"f4d6ce332121f814aa663fca",550359039.133174
"c87ae84ef029febca1e633e8",565213106.678811
"e876c6fd9c161861fb92ad5a",759458016.567356
"9047c4764f2c6b1a10b87e99",1229199612.23771
"234c94e9a248ae57bb5a0771",453658095.982036
"a49c2976ca4f24f3a6b622e3",492701474.128643
"ffc171cf73514bed077339a6",532107678.145446
"fba83f5feea2522888377066",465269532.96382
"1a593800d5785ecc36c25ead",641110366.636626
"ab157c9601861dc387a91b82",595238494.223138
"f87f8003f15b0fbc12609514",574541874.544771
"f44d035ea2b15b2c69d4da50",718702202.744998
"fc815b59cce7934f816f0502",628594803.257453
"32915b77ca68000ba9eed6d8",607913320.933091
"cb083fa7ff634f424a351840",577376671.973789
"4f3c7b9bc78f882f858b3d3a",612526608.34549
"53d33316e237830ad463a26b",597400888.36579
"f5d852e25d51377686c43bc8",552355844.208442
"64731b6eaf4fd2bb6c155013",628248366.09267
"dad7e45e4706ab2564ef9cf1",709541312.290195
"255914e9b13ad94efa6ed365",670555618.610461
"5a8950a64b4aea4ac13dad45",747401629.763361
"70f51b4abf26651111305b1b",758488948.787102
"8919ca18fff7571002e440ec",789798323.707238
"f776a4e0c8c82b3d29756b34",617272717.287349
"7ea4af39a7e577ffbd600f0d",637745345.558605
"45fc0d46c7a4df7ff6976fce",763191279.04864
"7cdcecc706fc7c79cce45b20",698214791.366797
"3503f56e09e639be4762ff2d",676362725.222335
"f70ac0d227db6f5333aa821e",810644144.882847
"20db610da64f80afc1621b12",721001984.044295
"c80ef212c870e2f20ed2234a",751671344.283456
"7dc68d5cac1b7fcdab35586e",724885969.783118
"a478fb93a131fee4119bb9f9",847458904.819883
"7749b2b534213ec7b536372b",902833191.864459
"43e59f5312e304fc21c1e052",1049071682.148
"82a7920524816f3db7f5a4ca",1325576211.21083
"1a7e331d9ff88ae5efafa8ea",492541174.901694
"a57350d4c79a415137281cb7",389474055.315575
"f3a6132006d54d0e22a17e84",639282707.724208
"14caab87a129f51b2b70508e",664807010.052276
"ba2423d79744d763aa3744f8",603791099.679965
"1caac10c1121a795a172889b",877185368.038893
"40768729f2697b87ed6519d1",627155286.858463
"843234d3c6c20bb60a17fbee",718413639.652577
"cd2e4dff930a1c7a1a569992",518041249.961215
"5a6eab133b7e95155f6a9012",702434853.023228
"5bba6c40aeb129c433d2c58e",525124886.31848
"ad3c644b506498127c7beef1",635081404.279437
"a379656c49f4cb1cfc5b3f03",540343962.019477
"998c1a6ace613d8a7468ba5c",690750547.623861
"dd610d7ece83bb02dcd7a22f",474757820.056347
"539467d04a2b3e78c592b11b",501480418.016568
"e40fe4ac43cabe82c03dda59",485111737.356463
"5561eab714583013b422e7d4",635069789.428271
"d9110b2b5b1c02766da9e24e",765677100.99171
"c72cf05b93b9c290c063b08b",708590245.630147
"d71cc157c0c43935989009f5",599946224.217103
"4199eaa19ddf8ac436bb2ba3",685097425.17243
"d23d12bd86def2657038a481",820986722.803049
"ca438e13d8aa6285858da0aa",818700205.602897
"a173eb804f4bcf6bfe889417",811371377.156029
"9b3677d498c2ccf69c756ec7",617272717.287349
"f8c787390e4c6d2e99fc7c3d",371068658.018746
"a188aa896d1b4520ccd6b65f",463750549.885065
"9fa39c9eb4b10a20dda6c3c2",486033942.809585
"7bc9022fa1eadbd9ab39acd9",596599480.337574
"46f0731f62232b32eb733dc3",515324792.196465
"b6767d1e329ff5e28c42f632",550415615.821089
"abde4b06769fcb1d5577fa7f",546290790.628873
"1496d159d31717ce254f67a7",575558128.387889
"1470749d0d2551a93827e441",521738829.876044
"3ac517f74dbf8cdc8feadfe8",573418143.336836
"fc6616c62030a53d2aa46b12",627634680.171414
"8497f34947cb4c0ff18a0eaa",673018058.460398
"3b2936127f5a4684a1d3de22",659708435.41336
"dab58562904cd13a93d913e1",716108273.178081
"69d1e47b6bdc57512f1838a5",691609997.356615
"23c7f9a0534a4ae6a24e38a6",762562805.661938
"640e9fe41fb79ecba89d8951",779589895.363039
"31f6a25d56f3bb36386d07ae",754772165.758628
"bfb30ae71cdca27f5a5494c6",758095909.283324
"baacf0dbd690644d74f3a929",746993719.437951
"cdcb874d2e62220d12230632",848509864.941214
"1421bdbd9cf7572b799b732c",852054088.360257
"ee9e5adab1455d38edfcaa6e",979395523.959841
"1fae43a9450fae02919962b9",696346864.106392
"5f9ee280509afd55d24f39b7",659146648.599585
"82902f2082dd405ab538ff58",574541874.544771
"eae52c81f779a61f57cb5b58",838735269.715835
"4ec0aee1b202642d2739068b",612033333.43994
"f4c6c3210a3c2eb935c6d5bb",946658407.85384
"14a14706d405569501327924",488598450.489701
"146a5a4f3d111dc7b955ce42",592560187.367879
"99bdce7cdea643b0442976f5",675918739.380236
"733c7cdfd50db77066a67140",361502595.210642
"de328410e22767c66d919423",625518538.473964
"d0116b53467b3081664fb268",817047837.230593
"dc722ea5c4d62773f9fb6bbc",445485317.481555
"e84605e3aadd50b064c8eac3",808944632.208458
"31a3719e57ab1425e7267fad",514821937.287045
"34993717af3f861b9735df6e",683881305.643565
"543822711986a454cfd764e3",692096766.295048
"5bbc4ff9cc3ddacb39469e27",755972310.44613
"d7ced905983af0800c19b7fe",624718440.350996
"02d5bac2567ee9e19041ad42",765797358.938725
"f4897a8a0a911a2acfb8e8c7",811371377.156029
"4ba19ab08d1fe7f72d0dd37a",699577959.705219
"b7c07f8afe037d55bddb8e41",449243555.950933
"40b20b5a3a986802d64f7675",567833448.471471
"01fb5931cb55f5308382818e",812972552.757728
"7cd0c7174b957df1f004fc88",679155657.85958
"ca13bacbf6dc8d1b09fe4c67",549788775.69933
"0ed0dc77661be57aab63bc83",477620550.780305
"d03558acc19951a882bd568b",522550785.425013
"b8cca0d70fb46f3a31473e98",1067878360.45609
"f665a58fa8eda69547c1a159",797455017.63642
"8aa5ae4637ba83e672cd3ab9",640424327.174985
"a6da1996f66e545041d920d6",771577887.250384
"b828609eff041a68fa243a12",604505582.749073
"3f39a260b81dd7de1dff2b31",452220445.456222
"40fd167916ff071afdc44792",694544841.844921
"6ca31945172976c3a11732c6",780209669.181521
"1437d1f1601d26a3dca7594f",598367534.96126
"ebab054e5f256bf4e382002a",617272717.287349
"0838d0df248d723da4e25ea9",661319869.863245
"7a134e45b9ebe710c6c6efe6",795448870.885025
"6e9c7f27d6b89c5f9696fae6",510902999.662523
"bd12c705950c46e679c34bf6",690750547.623861
"fa2c1092f17ce021964f8953",796602529.514067
"e3202b635974f7a3367c0ff9",685097425.17243
"49bdf0f970af03d83a57dcff",624718440.350996
"91af29fa680d8033188ffc39",526970230.606571
"cb626b981c0997d254388e76",501480418.016568
"155a8e4186d1626fdda4d0ee",600336755.255917
"d337476c2cfa780518523a6b",499847450.063649
"7c3ea8523ece273991a190da",810016107.092699
"674c02227165e1c7189c54e4",748542882.388472
"17056748001fd65cb961b384",663170218.665661
"f56bca5bebfc765162c8cae0",728838910.499259
"5f4b0ec9c7452b888b33c3e8",470896128.521618
"13dbc077e552640736267a49",603032865.297469
"cb645955c851790e83e696a7",770087605.169919
"649cca8c83352caf7442f20a",820986722.803049
"fc8836e71725949c5f3fa7f7",811371377.156029
"4f431d80287051ca323f2c08",714010040.852015
"42defcc69fa22e4c858f3c24",700826698.103296
"291a2f9022933c9d81311e81",631565791.036672
"d48a061a2040d851937413aa",631565791.036672
"55d2ad80322427ee3426dceb",857298593.33837
"8c41bfacbc1a6ab831b26fa8",631565791.036672
"c7214222fefdd8d2ad7f8f8f",741431867.843307
"b3d9a095c9c73004643c9e78",839348512.236543
"d49aeae19e13909e75dda2b6",631565791.036672
"dd10dcc52d2549df85f2a8ec",620243338.958792
"6732b448d2e4f32679f235ad",818700205.602897
"f08a5c2992cfee4c0910f68c",631565791.036672
"e3a62f080c25f404ca995e06",631565791.036672
"7634d584c3042533942e2dc0",714671346.9178
"ae58dee872922a9c678dbfcc",748654518.771682
"5ec01e911785dbd5b49b166c",534907384.901954
"9bc12d9c9ad95064412c3413",640012060.971945
"7acdaa0cee1ee62e15f4490b",546203356.028345
"d76d5b14d0acc5295b8057e2",782538659.619678
"32f3364ac1fabdd13db1cfe5",377925849.755038
"8cab957b322f1aba06bae4ad",565213106.678811
"e3dc8b417819e9afe3fc7d0d",581941110.405741
"c71fbecd8f7310c201adbf40",592531000.660978
"54c9bffcdc46819f67e4b3d1",639133724.263772
"4d94a2295f612b96264a0db8",683881305.643565
"874f4a836cb74be301e068cd",834458767.534121
"a18925f908acda4171bfbe36",938291240.607694
"a587c7419568288d68c46feb",1013584171.611
"19994da77ce4f2db3efe6660",395073593.922922
"9c4dece6127f1f3f3bc1e0f7",454873572.101929
"09c28a830f8093802384071c",474984719.352246
"5766f7cfab59c920081e3046",454873572.101929
"964b7d9de17c1ce396fb83fd",455190158.071512
"44f77a86369d6607753adc09",496037596.971971
"7f25471be85adf0baeb8ebbc",599598480.576535
"6859481703fb0cb34c1e564d",537727121.775043
"7ba0c14dce0cb09ef5735d9f",538789393.518299
"62cd6a29e98a5b7a5ad38050",578259519.230171
"9c6d7e6260e4fe83d43706d4",638913290.718473
"5dbcb55dbba823dc31b041f6",641935515.39741
"85abc5c0353c5b678f087824",640424327.174985
"56dd1bc39664f8e9f316851b",626019656.238058
"b23341faa7307d9d6009c6d8",628921866.490231
"2af941adae2e8dfd66542055",717772866.562442
"268f887f25d416dcd3c0c9c2",755302976.64608
"9ddc7272fe43f07035d3da63",690750547.623861
"4002635ca8b087877ad22d5b",795113308.953132
"b515b1caa608ff42574e5a06",598367534.96126
"710542343cece039a279dbee",683684064.012761
"187a143dbd6d4bd81d6d9c32",466006383.819195
"26db92c003c8e67d92d88aaf",691235154.497449
"641ac8f4f60ae2b9cf6add93",752059640.328934
"784714647351cb6745c867b1",762624315.436506
"5fcf1e2ab4edf13ec844decf",637745345.558605
"2575d932e98c421bbb38b267",596702816.658179
"af9d2f5f62bf74a7fa9c74f4",643237314.577309
"4db8d529af9f718e6d81a85d",501480418.016568
"9a3368605e5f563e29182f3b",416009517.057342
"5ff696d8369101b6dc60e2ed",475427412.192969
"95ade3ab8dc04237acd6441a",405061862.948596
"607ed21e896eb5ffb50d5ead",485111737.356463
"40d9a852bbed67a6036c6d8b",542470984.693869
"97badba651a94721af5df3f0",599946224.217103
"b2f089146c30929c4836f0fb",556623204.102132
"936307e2f478c3ff7b9652e3",633899734.931919
"b6d5cb459999de084965e993",585248314.639124
"aeb66f808982c6308d891f55",553821786.978157
"cf8418c60f4e54dfa09b1e6e",631727568.524367
"1dcf71e8fbfef2c6534576df",639416349.928975
"c78b16f05ef58855da0d4f2f",605941213.064504
"19ecf1fc86396ada203c2a19",587794492.361961
"985fc7ab5aabf1831ce3d298",641461347.728258
"8aaeae6bcfcee5ad928ce28d",686736849.567966
"1a93cae134c79a43b13ce656",685097425.17243
"ffad647e8ee35eaea6378fb6",715832850.934208
"c21a3eaa136ef8a912ce7b74",744584776.029486
"fabe0f299a4e4bc6f51d54b9",623405231.852781
"5af99278b1091dca9b0b0332",820986722.803049
"3f0c845deec1c24472a35efd",792708243.172652
"c10f25fd39dd36287a6cde73",811371377.156029
"f37d31c512866b575780c4b7",696212968.711093
"5d34f871e5a5cb3a655a0b13",714010040.852015
"95bb852a958d7b16fd676e3c",818700205.602897
"24857a7a80d5f13a52eeb054",698464774.934403
"f9796e9d13fe1becef435e54",977641471.605532
"1c2739878e452a340a4e8972",945725677.964146
"698f3f1929a2dbbc69865b65",672731092.859711
"bc230105784ca8640e499ca2",452220445.456222
"622fdba953206a65224f2c82",461740469.161151
"6765fc17d98c08142d3d7757",705434728.819382
"6f35fcba4ffd6a58bce85892",452591336.203426
"d8654c08e95b39e3b4891cd9",695325185.216016
"33305df46dc2186c7e3f727e",728838910.499259
"0cec193a20d720af010383b1",661319869.863245
"734efe04fa6b326ae1d072e8",595382607.418576
"69190139558b2ef3eface18d",476962208.644674
"bb084299ad23f245d7cc5b69",582886505.494386
"d4c7b3372d70b898b167b92a",715832850.934208
"4a119b1bbf04b4bd6051c5b1",641935515.39741
"f844345b6224bc76bc3c6f91",548681833.265319
"052505ca8210e5e651fc0b63",642188768.803936
"5731cdf8cac0b8371d786c90",797455017.63642
"594d8d78af90086bf8cdf09c",695171681.96668
"fcaddcc78938f3a234dd2d3f",390315682.687309
"1574958978c9b5d23d9521b5",588447901.690342
"55902baa0ece72e2e8c869d6",591078290.831761
"46161effff173111bb6c3a32",649256120.654758
"b3fcd9cbfd485e4e1da6c89c",477388099.370315
"213ddc1761cd6b018349786a",584861331.369595
"be3b1df5f008636e14bec3fe",689411799.259486
"dd27922be5b6f730f8b4e058",531025809.716366
"cd2aeb1b2649ef421102def7",685716523.838367
"a226b4af016a772dc7e39ac8",593017949.922315
"dcef5b332fd31d0ed8d754f3",454086142.599798
"481492907baba4574d4a6f35",685097425.17243
"10e5e54ab66b58b3f41ec381",619427576.899065
"d48866a153ea0fd23a858cd6",457173640.989373
"d273a2075d28e343a657d9de",696471712.654524
"90a711f776d53cf654614649",710534464.905865
"f87c76eb5071c5b309e3ac3a",572489171.05984
"74df03749e60c216a3e1292f",571631497.241605
"03a84af05df0f577e09d60c1",542470984.693869
"78682041182f01ee4db04e8e",690750547.623861
"25c76b5a1da0c2d8158b3732",692719997.941684
"af8f09175265e1546200ff86",551165500.267448
"c8d4ffb290aa9cea002e8d67",533767911.04769
"cb89ad8156c3428ac80a4db3",622356631.206258
"7602cb1e6fef087d8ee81aac",536315137.12115
"00c75d59ed4777481a50cbd3",613033523.608691
"fd36cffb856c2a14982a5fa9",677256157.641989
"06ccfa37fa6b011ac38422de",401046351.889455
"257b533b6a66b40d0f097c55",573713961.327326
"736eef4bb36681acbcc3c41b",601483778.431387
"e1a4437b17f7bec650d8cd97",644593008.228276
"ecabfcb8ce9bb47ec3089c7e",644593008.228276
"a5a46af0c9fb5c0a03855660",839680291.672754
"920b50f4355cd2674ceee068",625596169.433629
"410e5af026805ec8088f2e71",630586614.186356
"efa0c01632d13ab59f629ab1",630911682.040778
"5965d19a68a8414b0419bc68",747750873.767003
"64955a117f2d9264eb59fa82",741991999.926335
"8cd46b5c9cbd056d3712f155",672731092.859711
"65f736c3fee3d14c31a57d1f",716894991.925802
"66e9c614882d58c022de7a2c",797455017.63642
"8c787c1e6161b18601e6d7de",477309013.964773
"29a115ba5b198689fce5f93b",408147563.092227
"de8ee990e70c8e5ad167dc89",573418143.336836
"0b65098a19c2fc1caa6577ed",685097425.17243
"70ea0403b722a1dae1ff9b18",715832850.934208
"5c77e242474e477513b60ad8",475073959.991458
"1655a92b20740a11a5889519",446448533.761915
"1709b1446b20b21482dd2d36",818700205.602897
"e5dba7fa0cfb81488b0c331e",647465376.287238
"d09dc3a3270073e5f1cb353c",641935515.39741
"368e740cb71b9175fe5b7b6a",728838910.499259
"b8a8ad4c0215077d3e5aa472",743499716.765264
"1f4a78e094987ce29f054fb8",420660865.713146
"aae3a99ac764b8e9bfc562cf",511851867.858315
"a63ecc5539e8725af4128cb5",503172738.485871
"a29e18f37ded2e901181d7d2",507267802.795881
"14ead7469d05e5eacce6a575",667092129.608399
"1cbf39c44f6b0fdbf9554845",830223370.304213
"9012294b64280c565a88a1d8",667263807.814907
"dc0e9ce44b9932c6e48a9390",711395678.603634
"a4f272acb4b3b4f5fc72e99d",687528492.518907
"b0a7295da89516be1c44512e",644136696.949951
"b638b937d4f62949b9eb9fce",672842561.427983
"cadd4a6e1075b57f7b74c63e",594132794.455037
"a88f4eeeeac5ccd1ba9b8a4e",757789589.754282
"29616bf14b5f1cd42786a91d",515712664.243511
"f03f97ca55e9a43928c18237",594486902.397296
"5fb9bd3aee2e1320dcbea448",569179965.491989
"34bcfc2f0cefad790922879e",651681986.525983
"8c9849cf3d20991e5126420b",851900888.139529
"ca7b9296080c9fc9fb232782",755794531.420596
"63a5989d0dad994a6af7734c",411224771.688499
"7d25023ecf668945c87e0666",385469863.566091
"fde3d4a4a819b1fa40530238",395158613.709002
"e3338ac993873aca45755dc8",379209802.213691
"bfeab1b12dd82efa96efac31",405050226.236846
"2d564574f0191164ff1d068b",400364812.501073
"5529d858e9c9e3e92ce8a95a",395809946.339976
"2755af908b841e9024718b3d",398162853.299089
"623df36ea9610ed5c58dbd8b",409419716.361526
"77924a3c7880310a4822e5a7",446866677.504784
"24fd0b7f75feda5db89a4127",398013745.969623
"c2b9a3b2747f32d26c8219fe",409419716.361526
"3c3c7861a9727bedf5e3cb29",502270327.569324
"822ba8fd3c7392bda84461a4",540246082.768388
"4625168852b335b223a05bb3",498773139.189815
"b732ff1637ec53286e890865",511945002.744421
"706bddaf0b87e4f076247450",538879531.446973
"917218fe1425d2c222da1ed3",518607165.05791
"7ac0428c4b7197ca14f3b86a",497740149.322882
"e828e83be8651bc2e07641e2",531799747.038966
"4d069f925100b6cad0b657b8",570421988.56914
"a50640d13126880a423521e8",498860407.680638
"45e92799de1a5334c3d2d72f",518526318.287112
"93ca9e75cbeaceee69b4f0e4",677938507.781172
"8fc4070ce12262679c381515",653397792.808108
"63182bbbd5f94cea67de2d8b",651641767.840307
"6e163c3a0e30e7bf1e909661",623262331.009815
"3cd016f68705e73b819cf74b",645203198.952629
"3da41d55a2b9f78c2b10c75d",657947928.195444
"0eb8f10c9d5ded1b09f60baf",621293404.739646
"330c37fb5065311564fd35a2",647226031.361482
"b849cef46f19e13d3fc9d5c5",668744847.302048
"7bc034984b19479f29886cc9",668483888.815932
"5cae4522fa829a1614739b64",635767441.997824
"bf6bd06201e60a4c98c8623d",641617937.406848
"549ebb2f616d50ca778e92cb",667666733.555729
"448ad6cf4b43298a39c7b5e6",658550621.278096
"e9a37a1a4150461126dbb6e9",690318340.390475
"1d4c50978603ef41377af057",603863588.720651
"bb71a24bc5ea4051d84ecacd",600623938.334976
"286ab2411118455780314355",635395567.086438
"045108344bf09b01b597e7ce",635217728.605476
"d714e15ab5c2d5a2503bffcb",750221024.633502
"60823c81f0b98e8a57192a9b",645731448.246908
"dfa988a524343181a0d3ead5",660147691.150113
"fe8bcbd17b16ad023a202843",602093084.845477
"69fe76202cd89637a15de1d4",624230464.624466
"e7cf67cbc08fa04be9f0a3d4",670387188.346765
"670583e7a2ec6e337429fbf9",634502955.061022
"796935018bf2b241646a2dae",655511286.488232
"5f5856dd16c0e5131835e650",617312802.766945
"ea2e380226005bb55c724ce1",605555264.250004
"f40defb11ff73ba4e3db7611",634502955.061022
"a4b2dd2771f49951c027eef2",628467994.247884
"a949ede7227c8f8587715029",745214621.945394
"83f402857435d4fadb27fa36",737845162.640092
"36ab522893b5f01caea4cd0d",803570042.914034
"8e4875b7ecd0898571f0b1ae",438472255.197678
"7ef3f8bfd0368696369ac957",458748676.536487
"73ec13a5687c542137eb9a41",407506611.187515
"6334eb4a37d102ee00c6e2a1",518883176.669219
"fab91f0b03598c943fa425dd",448399802.842571
"c57c3c7edd591e16c0b7c1f6",437087541.857019
"03aea1b6ff072f117ec733af",470527763.065144
"91b57e8d6c41b7afe949bcba",444310062.456215
"ebbc5fdad817b304af3585c4",503218540.656168
"0232a50c9afca03cbf4277c8",479152434.271545
"05b12b1916e51a804419c654",461993741.686017
"95c9cee9b36fd1d68f647aa5",482860181.901246
"3d31144a77cb51647f3deb02",487582638.014898
"ea87e3259c2b0d6263d39a2f",465176572.567885
"61f634438de4a10a861f42c0",446947343.375002
"c3ca43d0474dea2f2dfb9791",522864755.585133
"a13a3638569b89ddf1260470",475698919.875375
"124959d1429de095473bf5a0",462741297.110343
"4d85bbc09ae56cd85a8f87c6",480494243.051657
"2c13f29a8b9ac9b464e3a582",528152870.180342
"70215712bdd8ae7585520550",520657704.32134
"3352469ca509e8ca652fad1a",484892038.089782
"893caa7433c200e0d43e9f27",721256275.017556
"767cb14f03c909c595c2a731",570319822.569238
"11433baf7716402e8c58bd33",635741946.789831
"e07ca567b0678126a1aec803",656491959.414636
"b2286067a73bc0049328b55b",574471213.230534
"c85d56080167254c7bc19303",525914912.731167
"5b9ef8d6defdaf13dccc5ae9",572115900.293145
"f7972b1936c6d9e95d3f632b",682277916.000129
"defd03ae7d0c0a44baf80abd",513631977.690251
"6fffb7958a58a73b0e16f2b2",619524921.84119
"5d86a1db39e324770ae58efa",642249955.060431
"c56163e390d9e5a7a76e77be",527649537.66968
"fd5ba2795eb7b5fe338d6b4e",585048976.608153
"24d6d85cd0e2dc3deb2db896",632625994.700034
"feea3a2bd9f643219de51c46",713528792.12914
"055d7c66464d7e327711b497",675650214.664898
"046aaa4162cd410e92b216d0",604922231.943171
"b6bf2760cfa26cb28fc989fa",649813242.872581
"3a6262eed8967d695182e435",555734401.342001
"cf3665f24927de548639ee4d",600173901.57553
"4c243fc50d5511a1288bdc0f",564208840.741772
"d753227b5c685e93b378baea",573713961.327326
"149e49c22fa0eb163a36c932",576218861.471658
"8baa01b8c6d29c82a6108cb8",619839869.431034
"2d437a09b860d9d46644ea23",673268719.203232
"66bd80fd26836fd426be5733",677329670.828393
"a30e69524af9c1bddbc5de34",576082783.258952
"fcc96840d952d32a7300366c",643118154.971181
"659bccaa707b94f303610225",573713961.327326
"df1c66d8dfb9520c6818a32b",670545440.05612
"dd1dacc0c90022e5b40849bf",594789841.059898
"1a06bfdfaa9d9ac754ad07bb",604875663.341514
"a0ecc8ce0592a40959bd755f",662817268.994375
"739c2b9be0941e4c126d2f3a",693958363.426195
"d723eb2516802250027312b4",622698447.055141
"04cc75f46642efb1192f1875",593430464.771347
"9f37bcaa95fb0044aeef6075",555972811.13616
"7be8abb5d23794ac47ceda32",548050694.244505
"c06c737cc0cef7fafa3fc4c5",568196633.20761
"48e71c45f41778f8dca24cf5",559469246.985544
"b41f7c1cb9cfbd188f8e0233",591078290.831761
"32ce96d8adc8e549b90b4a8b",607345383.210865
"c6bb4ca5a0c839d38dd8ce19",596702816.658179
"1d91edf33a141fa2181abc4b",599663598.5519
"aba4e24dcc6998e5020731c8",607345383.210865
"00af33cff3ff7c6927306df4",682389669.060314
"6d2328def08bae481705e20c",775992460.789696
"7815163b8e4a54843d121dc1",764540000.443259
"c9f92088dbdc0d81412968dd",765192594.266336
"8e1bd01ce4b7910d42f59be4",691470340.901233
"5fd89a857727753eae6632f3",773878241.973714
"332e395d4ce62523a2e3208e",647909631.414281
"4fc89ee51cb0e1b9d6459819",838976002.925867
"2571fe181b6ab939eac19d2d",845693040.942548
"af98a0e223a825cbab78ae49",697177756.511725
"ae187fea3c46c3fbee7e6e8f",804353825.643297
"c681519ec1ee1a28f6a3607b",866758195.040027
"bebcca3e75e747b5a01f5485",856965123.115133
"0842a0730545c623043b1d8e",814075967.448647
"973afa2d67c20297aa108bda",820163586.866544
"64a9f0bf04f1c890cc6e31eb",873500174.728756
"9e92b27f554068b7dfb640cd",729755779.585936
"57b7aff18c444fa3c577b079",740120775.635938
"6b23f191d2ccbebf9166926c",777020842.522096
"b80c961aeb98d24d968c71d3",738259715.2801
"064c1cd5e94efdf8c7262fec",763328035.699013
"723078b6cbdf02c88286c596",795415161.437585
"e239ff5eaaebb287beaf76fa",749109959.318408
"b3b30d8b869eaad2382c5447",761831190.329182
"3f295e6c14e23cff1468bf82",651350164.729459
"be78bb0e06d5768ac1908247",698085500.266419
"4daf52564456895ca7f4429c",648468195.093359
"c832701653f1e7f01913660f",737397331.884683
"82433a009defc21498037127",690237460.64218
"b53d3d578b1d7d9e00c8a00d",669184828.367293
"36fab4c38cdd91de650e6abd",752944971.079385
"bed932e11a599f7cd4bfa31a",754388858.485396
"1d9addd835c9fe8665e01500",477388099.370315
"d8216aa4e029c0d3d646efbc",627787134.455623
"c1b0ddd3c104ec4482d5025b",568576753.606508
"bd0f754b0fd9b7af284419b2",762001333.423252
"01e907d7672006fa2bba8b0f",413098079.219226
"7ad046b20064565644ebfaca",579138232.483382
"1ac2b23683ba89e9175d1b99",489379869.570459
"ab4c55e78eb83d80c153f50e",576756781.406987
"2ad54bda875fcf8c6b675bf5",377601251.777991
"07e76c765d1137cdd7c2ff53",402887383.401678
"5531b9663c5a37a2bdd97e9a",605774481.355638
"c740655aea4eab7066446c42",524890126.191221
"3b6c37e7e6ff1c03ee4fe995",529111273.682376
"1b5d3ddc71634099fa1f04a8",651566767.151677
"1ad916edbe6fd38f40289a04",505742069.929921
"a1368aa4d3ae850bbfd90bca",516907031.054037
"0f728f676325ece6a001b4d5",761445538.857788
"0f98c4e431100aa87e6fa6af",693362062.486413
"91a08474a18644c43224c62b",615939423.472747
"185dd9366a6dd1e820880917",489337191.254611
"e364018f4d994cd15d4af374",757427877.89308
"77348acef84ef77f6a076268",595363703.505576
"7f8f506137780f4cf12e73b6",424255859.457727
"809082a38e6fc3faa66845b9",492731891.465913
"2072a783a44474cd0dd10d7d",572359154.377454
"b71905255273cbb0af1290a9",569267841.259875
"c7d5f021595b58c507f47d3b",754065048.750231
"65ba1feafecd7efdcf214ed2",703645575.104468
"72eb64cd02ad2a54b65083eb",732984841.502471
"35d79b2ac92083bc439124ac",657441370.34073
"2f7d36523df4a5eee3edbe05",668136424.818059
"b0d20a04106ebb87e2cdea37",804381550.159549
"43650eb8b70dfa256ca64979",637745345.558605
"311fa1bf3c405f9bed13b38a",405639013.201381
"d12dc721a59af021e8ac68e5",405639013.201381
"36f9a0ea831710344f468bba",405639013.201381
"1eacbf36422a54f1327fa291",405639013.201381
"9567966987eb1d3117677cc5",436994138.965857
"e5bc85e227ed7dabfccbd005",405639013.201381
"d1f39f86c82916524273bada",478348929.683908
"deeb837c2c6bcbd01930431d",699906603.982307
"57aa22792684debb8d4079dc",574541874.544771
"5b0530f544da162b9a8ff772",698464774.934403
"b7d66c5f1ad06dfcae5b33ff",477309013.964773
"bc353a421fc579770e432176",607913320.933091
"45ae1e929b0fc88718151191",635937395.009081
"b04449c499843cf46ccb695e",690307893.933455
"e4d89c9d33a0f2659df21185",579814959.541065
"b2a7a8ccbbec39b63e4cd028",648468195.093359
"3be69554b1cb31ed5732a836",552355844.208442
"de7f584df6103e8bf95f4a37",449168477.522436
"0f4de499e5bd2c57fcc75013",575813346.022017
"b4fd0aa09f993bbfb1fa8abf",454873572.101929
"88a83e58eaf136a82ab1fe37",571530184.817901
"379429ee3675d1adbf816cc5",480462451.099413
"c6084b85c8d95e0ededc25d1",690750547.623861
"8eae4346936f8c6c67be81ba",565455746.509393
"a13fc9e9b4e47340a5d53bcb",604940954.924398
"7b8a4d701066372dfbdffbec",538789393.518299
"a62a6094ffed3ea7a54fee73",599384901.457069
"bf0ad098fbccd3548d834ff1",454873572.101929
"0a231779f131c36d8e6910f4",589494998.500218
"51ba7338f5900d8ef12206fe",546290790.628873
"81b14dbf863114fdddb38579",614423156.946138
"adaa406ec9ac311e9f9c0bbe",462589317.065275
"4cb11f32806c0e07b4251984",479379580.688236
"3fee486268a1451a7b9fff7c",589089826.662095
"5666f3c36f0ce4eab2c39299",711046059.210684
"8a8dff62516671aee2250cb0",658897702.610937
"ee4fc6a146e888e993a4412a",641694552.619119
"5a16b30f4d580352710e92f1",625154484.860327
"424bb491c71e913e900db76f",770686352.713573
"100bdfc998bbde3d00548bdb",867768992.349008
"d793efed9a723e77ca8272f8",621849744.151373
"725c029b7c5807a4b0ba2bc9",651681986.525983
"b6d3345346f43dba053ceccc",692096766.295048
"888bc3c4ceaa108e048ad28d",627280416.603038
"267e000c89d3416e551462c2",621048912.749088
"0ab4a4b8adda35f634812221",591078290.831761
"823ed628bddea9b56792d108",631246370.240409
"a189bd7e4eecdd18ebc7d353",683491964.572633
"da16828139a19aa11bd94ffe",687528492.518907
"874102a58234cc7888902d42",795226502.387236
"789e5d19fa507823cc4c5296",716508619.461281
"174bcb77be3b7e408e61d7e1",651503459.151812
"31a1492e589f317a58a79df7",659146648.599585
"0825f2ca4baf5b34231ecfd2",746995597.87059
"ebc96ea800887a647422b8fe",655273140.823687
"969b956eb7769b6f509d3ee6",679155657.85958
"6ef9135481d8fc882a1a735f",661846742.637768
"5f501c4532ade3f412359a1c",827622018.207482
"c6d075772255b1efa52317ac",638842794.523159
"535bdffc5b79d62aa6179c48",765797358.938725
"e95653d504208e8da19fdd03",687528492.518907
"e4e529e778dbc89f854252f1",590927968.408865
"ec5866fcdb9afffad2d7f5c6",657958587.522596
"814694a725a50c306d774342",683491964.572633
"1cd6531d8539468cd5f4b315",565970118.196222
"0c3e734afaa6b7c370754082",625154484.860327
"f80eace37237614562f942aa",797502934.358927
"3aee70815bcf6effcf0e5fdf",651681986.525983
"ea21ddfa37d60737492509cf",604872022.030349
"67c78ce1b8a64f36ddf90cf6",661319869.863245
"fd2efcb61008dc9d11756381",852054088.360257
"f51658b9fea670bd943d6db7",765924055.111051
"b83b0a53ead29faf9dffc0fe",713767991.748908
"c1329245f57c5d9019105382",860985146.824224
"98665b825fb3a06b914d39cf",836775862.173834
"24e90a7d9a2bd0c30a4f661e",820986722.803049
"6e64677f8d730e1f9ca240d2",743123601.106851
"a742819d8e4cf8fdfda6e094",685862514.282705
"ed75d1c40109eeb51fd636f1",824016433.5637
"cfc2ab56604b4e3734d7cbbe",818700205.602897
"ed5622c308bfd10602e939ca",952974709.500939
"5f537d233678443192d22642",811541968.450662
"aaa79ce67339dc53b4f41dd2",808944632.208458
"5f467c6c80023b0174823d85",836155232.754674
"46fcc0d53b263beae95b8eb9",829668472.096561
"2bd47c19e5d29a3157fb8465",617272717.287349
"9c9c2f05352c92c02d080e96",575246177.615661
"cf8fb8db6f74c236cad0cfcd",793476686.682168
"f42a53a05dc90e617e0e4c38",523427727.135742
"bd612d494e2f21051556ebe7",570545973.901166
"ed1c8ac25a3db5120c92525f",586296064.190994
"2c30c2736472590fe45277c3",440492248.493533
"bbe2c06e6f90c4234a7781ab",691152112.237855
"b527813993b7bf4a10c05683",758968048.456288
"2f610d2242d583654337d468",690750547.623861
"dc25c9240c67effcf655b02d",542937053.260678
"c35f5ef73168d03cba1b1f4f",377245229.184745
"e88009be52bf5803ba3665d3",548578426.717721
"12a63d4fcb56c1d690e1bbb1",550359039.133174
"1d58ad85a82f7731e0f198dc",846018099.585065
"a2fdc7da13d098cfeba13b76",578336613.804476
"1969ba34b72e61337246cb5b",570495935.428238
"8be43cd8653accbb8fe8a270",568917543.951619
"10092cf2f8afb3658ae475ac",705600910.77016
"0fd313e5a0f02df07eb6b104",510902999.662523
"9b5f013e795f5fa610d03238",484892038.089782
"b1ec4b8badc955f9f4fe2131",714010040.852015
"e491adef93281c097ab08dea",485111737.356463
"9a65fe451b30c59beb3d62ef",438205855.236381
"0d3245463127143a8a52014b",764037676.596175
"a0e3198470f97f6a169044b3",641935515.39741
"33e4901b6e72593513a02207",703463188.988892
"f45234a3f0aceb12341be024",634708619.93501
"a71d53ec4fd0d64f8c06da2c",818700205.602897
"f1b30c4ea99f19a81d12f73b",811371377.156029
"a52e2c893f85b49e2499cbab",746251617.634835
"b2fd7ee866066f3ae0dfb3c0",759458016.567356
"5acc9d767e3117bed0fd8464",715832850.934208
"0449a82dd1667c8c564904f8",844125281.099769
"a0a8d63b5f43b87c0c7e1fb1",756852707.585395
"03de77e22e987fc3fed4eb78",629204655.225622
"3fed1dd17fcfbd2b86e73143",698085500.266419
"04fe204d03bd1c9876242ccd",798457249.363472
"32bdf33933c29b1cbf89539c",659146648.599585
"3f6c05c97778fbdc86304bf4",612619435.831342
"478e13e8c1cb5bc80f1080e0",672731092.859711
"3128a4896665d38feb72b456",715832850.934208
"fba6203abad5f4b3b721f29e",610223840.142425
"b25f461b3d48d833a73316a9",808944632.208458
"1282e129e1a355b161621dd8",650574785.881814
"293320b55fad21ea3f4a5899",456612828.710276
"de2f5db1cd1024a9734871c3",398825843.484074
"200897b1f8bcd7c116a85306",608245740.551163
"7023f5a68e1ce9cfd23fd021",504297732.234214
"13faa4142e9d60412abb4184",615486893.01541
"d74d0241fe5222f5c5b67222",635218368.713467
"0e51111c47813a0b0dd51b64",766532051.942516
"25e3793214088669aaaa4ca5",864430239.169002
"43d7b77a99e86e8bd21a19ff",840567061.38649
"38b87cf007043b76670207d8",926230357.778711
"8fedbf13ebb7cd3475fa3074",744128734.956877
"4be510fa977b93e34a789f26",480462451.099413
"8f165174bc07c28f9fddeee3",526796748.661166
"7ff6f389e364e67c4238df8a",474322770.015219
"2c91099736f3158f7f09778f",648120668.918145
"7bb1bc81e6eb3b4390440165",591762201.96103
"74e43ea3081841278c76cda6",474322770.015219
"9b948f070b94c18e00a857a7",594203088.768471
"99340b6cf8f818392d501e9e",749132172.828012
"b27088c3ccd93e7d8d5571c2",660638114.677333
"4b45cba0d601f29c2b7db97a",747796739.880321
"362212de783981c9ddb767bb",642678505.5722
"5aa78a2bc8ec5e2be315fbcc",756771167.454566
"92fecc04105a999a622ba3cd",551999259.726931
"5098115b26f2473c812b70ed",687591800.518772
"e9860f6b4c3e6699e62f6c31",420030519.188665
"71273ae563da6bbc66aa87af",432756229.358435
"6c6e7af42a6ddf62b04c35fe",383944997.378425
"484922bbe02cb218ced0e779",411266215.243574
"76745c2648b66151008f6399",396736095.560449
"2100201e0851e80488371b67",457791409.619235
"5885faa4aac834118c5e4351",393725047.072274
"f340405bd7f2c4bf524c50d9",385118657.237563
"1951c1c8855fed5db8031e5c",390175144.053859
"7dd96ddad0fa88f5c5978e39",385594229.994667
"db7535339826028d0fb3355a",636370750.858491
"4317746d5b88142780e6897c",509166871.304234
"5796e37eb1a995db5cc06eea",633607176.422612
"817915cc3582112fb5541a49",504180802.576925
"ba524c4e2f13109ce814ea38",539531266.261413
"c2439ab65fe194d1d60eaa07",495304263.399663
"92e4dcc5911b42e7f70311d7",525337965.976356
"6bf86a580c8b510b7447071a",524296099.12891
"975482a692bb98df98b2f243",536188877.819508
"336888717766096b24215b26",490737695.873179
"ad79f4fa23a28cc84487517a",515213058.570752
"d925c1d4dcb68990c7204b33",511111248.596191
"f4658aee77fa0e35a71da7f1",525452592.771878
"210d58091ea74bb902915250",508189229.898264
"186d4731b3af01bbe4d08b23",643395918.001714
"b760fde2d4df27a168ce0e80",680976864.775345
"2e653d2567a47067df169d97",597881576.890399
"8b63358f3cdf8df0eb1f43e2",764312213.907384
"c09d691e4c7d7b8c8f6a8370",639327971.893705
"4502e2809bb5bd47b2781212",620103692.263648
"d03101c7f823dd7d17e49a83",637209468.0114
"f5dbd7dcf63b08f711561e58",619743295.335564
"9855712ed7be7e865656de13",713808721.474014
"5a6397b85f45fba27dd9311f",758467959.980957
"4d1b0315b5aaf21bac150d96",579154263.585225
"32c7a2d032ee21f8bbc6eccf",595363703.505576
"beae197df95b84881128790d",455039496.399317
"0cf7a6d43221664a060ef681",747570998.667989
"c431fd6dbad57351a497fae8",586510338.618149
"b1f8fdc8e3e25517ab80c065",454873572.101929
"7b346d5a5f5ec7165d1f8644",454873572.101929
"947ba86487536d611f548142",952993811.800621
"8398ba3b03595704b5897704",532668800.06834
"3f895518a7fccca44e534578",485111737.356463
"232e859fc353dbff75c97cf8",634708619.93501
"b234ef225690d57e7c2af4c0",641935515.39741
"393e2e7ea1f20eb6b4148d60",640424327.174985
"668db5244c4d5b5c76b0b395",755302976.64608
"646de9441934226c2ffeff77",715832850.934208
"de53880a3299626eb6c2cdf9",811371377.156029
"07f10df13b244dc33b464582",820986722.803049
"e4aa393309860fd5e30f49d9",690750547.623861
"8c714badfcdef8ccc73df9cb",884601875.183289
"0f8ded86be8d3543a5069b6f",379768034.904049
"3e9d73530ff24d3f4a543091",353827116.218425
"076ceb408227ab2563a663d0",423194720.609099
"e0ae474a5307ef4057da4994",501480418.016568
"d41fc79d800458b1691bbb87",488758602.469791
"dc8262e1493ed593103acfa6",501698302.181649
"bd6c24498bf413b6c5adf81a",525482446.916835
"885c77c839d705ca7d04d383",487572702.50477
"b8896656cf6f5dd7c33ae46c",599044756.061176
"34a9e3ca94ac06347d879942",624718440.350996
"ca3b5cd3505049f1471c47e8",633899734.931919
"8c05c66be6008af7f6dcc10b",711943063.094661
"565fb93190cd34ac8b01f01b",711943063.094661
"6c8119e00b901efd2dd40f0b",697702323.778891
"34c92caf68dd0cec9fc383ef",612589773.345586
"68939c438c34e79a317a4f3b",618251245.799256
"dfaba547699e319462abfd6d",652086346.343508
"dd1d2e305d37d9dde55393b0",637904297.824796
"c32df77def9978a84f8ba7f1",746251617.634835
"62103a85a8ddcfbf5e40e284",764037676.596175
"93bcdd2a8ee1d5b61d00d58a",755302976.64608
"9700892d7133ff2c0d1763e7",728838910.499259
"fca6d7455056792cd61e2ddf",609425525.740193
"4e84c5953b493be7ca96103a",656340869.529027
"42fc4101da60fdb41f41f0a4",663362933.156149
"12d40725335f83e2fb9b937a",702045247.253242
"2b9681901b216f2174af0089",616870743.817155
"9ab74e81283becc00a779172",472114677.671564
"8f378dc1215f9213f187c02c",590638182.175683
"4a3a6698b5490216e8f8e6f5",644453877.698185
"0dd795526c080e8efdf8eb0e",469160574.034929
"3e7217f628a1d0fc9bc47071",565970118.196222
"157195fb2358bf2d5051c439",664703843.914656
"37063e689732880621e4e733",826299940.177925
"3bc68bc2d6a2b81f9e3b9a50",388525130.562173
"ce21f368495d385fbd98de73",596514344.972407
"1a6af7fd6a5b0602052c4c27",514239370.434783
"e38259adbfd953bf085a69b6",508334110.153553
"0cb6801c9b57e874102ca349",606867116.062208
"79f1a5bc0be914956d632658",834247693.528545
"f571f85be35a72b2ac358d27",401681268.072422
"163bec92a997aa8263f5a909",527715604.535189
"9ce3000cd80aeec2c5188e8e",471991713.868785
"6a6178c4cae2e92a08b0dd0d",548578426.717721
"d52cd6eee468311666218625",772526673.15493
"8eccd2a6352c33d8c7abcea7",644603516.209239
"53d3e32b1dc782308e352a33",611361948.436014
"be26f0523e5cb13846539384",663051022.066914
"ad7739088e8febc68abb42e5",603786816.242882
"add4f9dd26fa34829aa25eaf",952909216.825725
"17005d6ec889a947397ab980",438873694.789734
"3fb3a581a9a74146dcf9b71f",479579883.705921
"51c4a8b438bb0d97f712af31",649565758.245043
"0aa1332c56bf357f492da2c0",514196414.91098
"6cc06c89c226a062fc46795a",629161699.701819
"682b38de3539b2a584446922",399812740.512749
"1cfe9cba4c2015e7b58f05a0",655353404.76714
"17d34f9cb105ca5010191142",697066575.274616
"1fc0faf46f3b533f2cae2c06",727705057.147179
"12f9e1f78c630defe302f781",703753798.795623
"87bd6ee6f17d2bd5b61b0ddf",879737366.36468
"fd4ce3ddaf79d1b97043ce0b",690750547.623861
"97aacb0847561f45a5540f21",640424327.174985
"a6dac56445613d70e49647e5",856027888.192804
"8b1acd29eb268fd684036180",747451053.341836
"656c13ca7a1974df58e1b826",793476686.682168
"56f72c2d672b7bc3c264f7fd",624143835.385037
"3771c66b9ecd6db0b201d4c4",406433951.546195
"45e2395bee937c187e3486e2",497197662.941894
"7c6880b05c212c66b8961b71",510554052.474441
"e0ae8d2a51c771aef5f245e9",660733440.175266
"3573093e56e95a982a41879c",600235806.307412
"0920b2df9df4f0e509a7efb5",521101562.091161
"43600371d44fbbc81f6b6fa3",399338057.625495
"2684f67bcc89c8a5b95e5592",523036040.324542
"ca463fbe3e5cacc152aa70a6",406433951.546195
"0935e87627068206f6d9c0c4",571022973.296071
"10afe23f1f58f96422c97934",592373940.524175
"f3c8cf1fbbd6cced1fba0930",597006410.265053
"abfda926d174a8da1d946e27",477093678.005783
"fc9fb2f209a4b5e66f89712b",640424327.174985
"15d10635d71919d0c9663fde",518973800.846578
"79733fdf8881b0d25412abcd",485790760.301798
"7254c91fc9b51e76c6fd2a99",599781831.263396
"b732021729ecf88d6297b48c",644388797.130066
"edf4e11d1f1aa6f8080c3156",597785933.531978
"0706ce398b2bd64913e68d39",741636064.923928
"ea4a797b3d73d1b2cba9d651",1043871413.70624
"6c598362e322971968739673",611959296.771712
"130a119701171ed3c439c527",572138925.780212
"849c918d78991c57f32f2031",698254048.040586
"036fc9e01b2b1e3ef4574372",632886254.909836
"e4ee1a81aa121aa5f55e20f3",776267159.691852
"de926223fe4296d96466c685",616630047.459513
"340ae520163a220061bd7f28",354994952.391103
"11e36a3effeb0119b8bded5b",659146648.599585
"2492a7a74edb57f784f6361c",508981191.042165
"1900e7808046a5fe89d8e440",817047837.230593
"fba35c04cfb7b6db50cbb57b",601995151.563317
"daff79365fd94d1d3a2bbbd3",452868163.680632
"51230c899cea0054bb74cc44",446866677.504784
"5e04875f99a5e4476c0b4186",522627284.388195
"542db19bc6b9a1366715dd7e",645946129.362884
"a117f625c794b7d52ec67cd4",555536121.427872
"4c59acda820b7b75823fa277",576651810.563447
"f040a167241599987e7b0967",612854645.597957
"4a016eba4744dd01954f137f",458023286.346684
"0d995f0ad226dd21bc96ff6b",584038932.370212
"3d44c742b1aa4c022a968ea2",718840281.467102
"e47aa2541fb576b9915fd625",484079471.270337
"61fe9ea90c8a777971db8384",659300151.848921
"4a611bd82c9216a3771ca7b6",603189407.526936
"0cc5caa9b48a835c92da7653",768265124.227674
"9a7f24ba55c92696d377bcb8",742110470.089406
"32366fe92222b329e3d03b29",770210779.564152
"aa26461420614755c2a52db2",848532594.442019
"53a447ad5e011909080c0ecb",690750547.623861
"9d790c8c474c9de2afeb00a2",387399009.50997
"dbf200ef5f1e15211e2fc6d3",614373218.062947
"b96c9e2591a4cdf9c4e0c09d",619058809.843873
"78eb6f51d94a61a967da24f4",702267441.818678
"fb338e93dda9159476b8382c",504555341.32983
"72536bfda19f78d370d95f26",629391995.146086
"7c581e2b9daf20131803eed3",756380371.751183
"50cb0ad562ab5ef4e06f84ed",504990390.375436
"a24901956dac4ee0e4b0c91f",748626163.788292
"c1b386f478152f9be1f546ea",462553170.753814
"1f34129d15f992a3b62d4b21",504204184.91275
"299117d35bcdd48afa4c2eb0",633775411.234712
"4ff6c53c0bcfd1d24bac7ad5",848532594.442019
"2e52008bd11000eb776bd80a",791916032.755463
"56b78bb57b2d1f064c47891f",380258664.764313
"ef64a8989a6444cc529dd1cb",482477045.677877
"078f7c6532204fe046b13d14",791908436.962866
"28c0649dd8b294574a876e95",816772853.185313
"6b9b9d28723c7ad176a9306e",915306314.92595
"a640228932682c0c04538ac3",742694211.228981
"b19efe9cbc26d61daff5ae90",708210367.374155
"dc69d70e4d2713fcdfd93dd9",791908436.962866
"358e85ba765ddde3ac31be33",510902999.662523
"5e6b2661bb7ba0ce4776d483",501480418.016568
"0b6dcb5c1952dcea931e2c20",529151688.623548
"cde84d2435eb1d0d4ffe2a43",640424327.174985
"bac550d41b2cbdc6a110ec7c",602831984.729297
"78fbb49efe7dc0d8e144ad83",624718440.350996
"606affed5c707249158c4b49",661319869.863245
"d44778d36fc789f8b8c745b4",666597125.973468
"27ee3504d1df34ee8ae5dbb2",795448870.885025
"60bae7a45a084f117eda823d",643537949.307254
"98aee6a36f208227a992f9b6",773485093.268665
"388a6dbda422f886e503e685",690750547.623861
"2869a2d2689af65497775b1a",742110470.089406
"19993833220392781bc15279",780209669.181521
"f0efda3f7fb18af1b44d6aa5",764037676.596175
"cb915d1ef92dff803c5cceae",696212968.711093
"4bf02d040efe5358d4a5940a",797455017.63642
"1382140d8fb634851d4d210e",807779161.923003
"b8ea07763f2e1a3d635eb23c",481441531.083689
"8ec00d454698c119085cbee7",488152706.713741
"30d5185ca2ac2fcda2bcb79c",491679706.237319
"d0ea7bcd8cef8588ca50c778",483353435.50506
"fe6c19c6f54606a611d412c8",395754456.894626
"f22ae3d17c92427f5227cbf7",390030666.35964
"92b3b7d8dac6b2f6d5fcfd9a",476066811.990353
"8c44d216517f5c59e2611aac",469800909.489536
"b85fa4bc59149a7a25447537",434208045.002091
"99f10097f39b32a478877340",569009710.192972
"44f8d5ab70828e06198579f3",711943063.094661
"1f674965c913f9fe282d07cd",580761493.143886
"60e768892afb284b0e5042bb",567185730.247061
"8a6d013451e46411d35c2b6a",590528223.210253
"6f953b9964d60f6a74c81226",696164722.164774
"05076b448cfbf9dede72904a",766960652.741771
"47051c25acf866250b5d3ec4",688454452.171794
"0952c73b02dd5432aebdf2c1",692283130.339185
"cc3ef2f4fd5568aea96c257e",777656656.62881
"834fe4a1e9e4efeefb5aba08",679793012.906119
"104cd052884247b14d697673",684191747.851571
"8bf61f106e60d6be03799de7",753130848.309551
"c13e387f56342f88c993f0a2",767236706.002579
"ae664789baac0c47d13c3c19",743891040.485982
"ecd1e3003c5d74a3c7cbdb11",829483671.759997
"561cf254aba002fdef8258ff",1023181030.88138
"98799228c26c9e4899bed65e",888743917.953192
"03025756be203027ab75aaae",677848838.428608
"8997555e7bea06f7b90ce821",775334865.803679
"e91a3f962129068a3a76d209",636373585.069665
"4bd0a354d75759510ab6bb46",655961827.082592
"f6c1705a83c039f7a7d46255",617300905.64749
"0c4afcff5f5a90cb79807682",678162361.176973
"d3222a7545e302bf10894658",353677431.973961
"03463535ae93b8b123eaba8b",530538692.649462
"360e5cc9ee1282e5a6ea17dc",618146101.921208
"07f24808e42c9e11a7c20232",519673816.618159
"b80d0456fba49a40fd774e5d",758155768.9712
"f865411c20924c43a080794a",612113275.100718
"c578eb2dffe903475aecbffa",559883164.261671
"d639498fabe1db1236656593",670430595.700341
"e6e3bcae6ba114caf108049f",447084534.269919
"7dd9760286606c45e6a15926",633147950.103116
"2c5f07a9402cc93f4c683759",619972255.043873
"e3295e732bcf306a2d338387",567940013.842921
"240ccc45a242f80f817b04d9",487583100.297256
"a7ff59863f8719590146e71c",650540748.150311
"e6477c2014ad081d22f12b9d",537930403.196314
"807687fdb46614d9aa139b20",658505753.91204
"317d8f9d18599b346639a4d1",529015913.602287
"b85acd44e18ab485d3ac543e",500144434.998434
"e61476e47d7e7be706d23fee",620417429.37888
"270a97e07eec2be02cd89a86",666182245.692497
"4c9dc4494a3428435457f575",396475119.662449
"26e58d0b13e7f7f5a54585d2",638616566.640423
"166e1e60acca831bfad07736",634396092.910779
"aa25d9f8737f142b8cfa970b",758969104.396098
"44cdcca08e1e66a1496fac6a",532914675.448587
"d75b7730e8c291ed41d7caf1",632511177.650628
"6d1534800bf0ce97197efb6f",612376132.837543
"8b13054b3318289aac1f13db",472673348.356974
"c6cb6ccd3f5876c9b9e29685",536331598.752387
"0356797c1683d002bcd94899",952974709.500939
"558cb38bcb8de04588bdfa30",591391945.209563
"0685f2225b939147c8482e6f",504539112.682937
"cf1ba56710023ede80a8381e",776757192.518441
"2d4bd56e71f90e6fb387a2b4",1044898447.90931
"b96b8e1d636f0c10c63e5c6e",636878358.400476
"534be635a841fe21c7a702f2",500355105.645006
"dd5b4eb5d20b8b9c813ba52b",417134901.169501
"46941e09b153ec19f86c0c2a",856702573.75572
"9f06ad3793ede2ba7f39de43",489815881.027028
"b3df8c66475021fc04f107a6",520707084.397631
"468df200fa490e667bfaa31d",495350553.691563
"8130ab67c5e0d96a9a67fb12",644588124.653859
"f7ea437311c0d217b0d572b2",474646097.327849
"ca0b59b35225b44447967ef8",400489468.344414
"90961073d9887bc1023315a0",405061862.948596
"a1421c30fb33a249bcd54394",394110421.947013
"c87d9677bed80b0fe06308b7",402853770.604941
"d331a4d58875a393080fdc48",390316905.471447
"2f3281ef06475d2114fbf9a7",399812740.512749
"487ede1f7f155194b69c531a",409025175.203338
"04308f869d7c992ed3ea646a",552703627.081233
"912471caea3c71e3f9f70877",635069789.428271
"1baabd705f72393167dba5c8",544568806.65834
"aa4c66791884ea2a8357924a",485111737.356463
"1ce08c19161bd0545eef8a16",698464774.934403
"01eb0a2c1033c30830161321",710328988.296415
"b2759de47d28e8cc05c94e36",547963931.796094
"bcdea05b890394a10d24601c",627264618.073833
"db9f66f68aa772fe29e37edc",450247821.887972
"bd094081331ab259b1076261",605941213.064504
"81e7c8c1894e0c3a9315ff27",590557048.631328
"7cc9cdd32c209a62908a18ad",584038932.370212
"1e18024ab7d931bc7ab5873f",678535832.813697
"baa146a6537e8630180fdd35",714350186.247908
"8b788f742021f2438ffbf528",480101375.907064
"66d41314804d77ea0f440695",585760916.340745
"72dec1e6e65f6117e10a2473",586563833.009549
"4066da904062a0041a809b02",584038932.370212
"b7570bfc5ddc7caaf610908d",584038932.370212
"f6c6eb3fac9658c4951c4222",584038932.370212
"5fe25ab9cf4ea071cd6287dd",469073647.579373
"0ef36d33e6c378c946b8a65e",584038932.370212
"991a94dd1e99de493672da14",584038932.370212
"798d87a368f073efafead25b",584038932.370212
"9e8cbeb53820394a460f0879",584038932.370212
"7b5582907bf47bb9e873a513",589835916.304669
"0f21ea53a480e4363b8d7aa9",604505582.749073
"ee667413d1cc49427ad448f9",716108273.178081
"12bb70a95996dc6e286086ed",795048524.601825
"9e9e3655ffa5921889cd8ae1",785499970.069305
"f2bfe55b6188070fc5c3f59e",747796739.880321
"1f00fb18ad48b32c666fd319",636706059.492617
"86f15ce6ea8e97837e6b9383",798981317.416697
"7002d00c9acf8b8a4a5865b6",951674848.716647
"3e85deb0237521f1a7a8fa84",820986722.803049
"1bf77cd1c4037f4d2ed28036",745165813.691374
"ce8e1e2e4a79fa55a8547457",811371377.156029
"73a8efbc036911954c07b91c",818700205.602897
"9a2051367d6dcbd90a4d60e0",977641471.605532
"3804d5b313b742228ef0f1d8",713767991.748908
"fd7b741b96080ca5b964cac4",832777547.661922
"c4cf9ab3776289a412684892",822063852.530595
"1c51566c7dedd4a46503131d",958338125.247886
"62259b400be228a30a655a59",970464465.495873
"e5092b4a94f1c231a0c47680",617272717.287349
"6f435cb10e5728ef45be9f29",828975325.642854
"04a071d777e60627223e28d4",377925849.755038
"1117078fa37ed101e9120923",615775369.061441
"d56fda10944b088d9cbe1162",405061862.948596
"e01c49250329331a442615d6",376070976.531408
"30ab0bbf876dfa515b266c9f",524917909.670354
"6aaefcb58913bb3f49954b2d",603786816.242882
"629a6122db92e378f0eab96e",628835537.415927
"a8549fa4bb56a2bcc0e15b11",377925849.755038
"34291b30d129222905ffdaba",552355844.208442
"cd5658fc146ae4b5d78fb565",542470984.693869
"ce14bec246191176c16c4e27",551283454.79583
"46529f0455fd35b2f4a489d0",559914775.745197
"52b3823c59546a6ff3de4d09",377925849.755038
"959b7ea50d93bf1c36e35005",769523488.03228
"5c6edbdf110bca5a66a51585",377925849.755038
"d4f6cc3cc6e923cd37d0fbb7",567231003.253827
"2865962bdff8929888a51341",658897702.610937
"105bcd15e02d39f70ec2ecb7",532509169.911851
"b2357bf117ecb5b9082871ca",377925849.755038
"273cb73a7bdec0d291e845f1",405061862.948596
"1f4cd62152d4940990ac6a9d",417805197.141939
"a13ff325f90eb49363f59052",681555810.140329
"40871d7ade3e592560d0b3e3",480462451.099413
"ad2081cd75928b8f5e506944",782975691.831433
"1508ebe40f90f90a68f6dd69",405061862.948596
"d3cda82d1fa53a7ca1b46a33",657955085.494822
"dc20d46be2470d85ad9e7e45",384974974.907103
"0a7fb26822c2ca556f62a257",542470984.693869
"40a1cefb3cbb7e2972e30d97",385998996.91889
"4c3a2b3e3d5999f747ae0d53",763075725.029092
"a8870552db951bc4e76e7f9a",410342763.64748
"cc48e66185c23195cf958612",736774297.915136
"09d4b5b5c2f97ff88215708d",613829713.724963
"a59320023948e2d915c07306",552764272.644828
"a74214a0d4d40b898ee2be88",532668800.06834
"dd9f28d722d43112651786e6",467163125.518122
"275360e29bf3309e09ec41d9",361159966.86038
"1e21ee2ab4ef88194cc85166",458748676.536487
"268c1e17bc17dd646d1885cb",393027472.241627
"33e22ea4154e8f71062dba8b",610099769.484476
"5b5db88fa09ecd8f4b9cef6a",515124223.433299
"c41dfc0b917edb6e6ef7b1c8",650580041.06573
"3ba6b07e752fa580f630eb8f",662720685.669446
"fa6db64bd7cd8b0f1c0e2453",650568377.788021
"2422ffac7337b402339dc550",649000027.0221
"dd6d47e2626e2bf24f842f21",641785152.144061
"bb433dc1bd769d684d8b3352",845525473.842493
"812ad0d57e4291da184bfae5",590557048.631328
"51a0a1a680770b625579e25b",690750547.623861
"a91fd5b9b1a791a6af59b70d",776142637.219851
"094da6ca19427f1a943105f6",746251617.634835
"7af0a604d1901925aa179436",762562805.661938
"890df90091e14d1c3a1b30e8",698085500.266419
"aac17b54a68bd216e2bd1d45",410281823.403436
"fce26c7fbf0bc93937ea5198",657602720.554605
"b4245f075bc41aa29b55d324",705966966.55924
"bb70d80b0c6ad3022160c8af",430485974.717218
"ac85c8f7605ceff58dcb55cb",521943768.209823
"520415ebcdd1a4059d18e2fc",620678970.191143
"81547b223494084af3e15bf3",584078342.459902
"a0f1496a0b4a7cd8b850f010",637532357.770364
"436fd4dce2ff0f71232f4b6c",449374042.579486
"3923f0e655615aa6b52721b8",681542661.055469
"afe03b938be9cf14e98d4a0b",379462630.093893
"0f1c472b94feffc41f1caa44",479694079.100276
"5b76ae185e6b41243777cb4a",469625719.567697
"d70b133f81d6f1c9d93e2ed5",405050226.236846
"865459f5342a0102d255fa07",458515271.003417
"fea5eb95dfad452d6786b042",450247821.887972
"415622d0f7adb1a9f7009a63",528360524.886261
"543edc342ad39b149501aaeb",549709341.70786
"89e1d01cb5bfdf567faca443",495727544.427402
"e86b99e5dac8ed0d8296e950",511054480.545555
"2c85b19f02bb3768c10d14fc",595457782.656072
"c17a3139c360750a6de5950a",639682895.635764
"cf76e6077d47a14abaf0cfb3",641117286.467945
"82ad4b3d5a215f17e745d77e",637382221.813885
"dbb4260c89524c78de7433be",594976640.531938
"5b312ebdf71ab7971f9fd2d6",664688642.956875
"b3413352f0280412f53562e0",587787225.353735
"28fc5f188c5e11717cdb4a98",587618373.702955
"c4d7a906b747428aabd368cf",719727723.944292
"a4dec2ce375ab5e4bffa5966",744459204.249339
"546d570784c7ab8746bba80e",584038932.370212
"cca9a08bc4a91f317b851f11",630548416.543633
"bf43226ba66a3e2033d32fe0",649072391.805336
"c2717194de73e1a1d8dce40f",603531084.270286
"acfc06021a7a81313d85f62b",633945036.92562
"2d531a26f8b1a8afa511e3dd",565213106.678811
"4a8acae29064919c68fc8600",572138925.780212
"691b030abfe1190802349715",586887536.663603
"a302ef23e1d0d6a273274cd0",587824665.044251
"a742f415d6c57e8493762c57",746197846.012989
"4672d1c9c3b04fcc87a0ae9b",612523951.404143
"371a0ee537001f7a9d58465a",861180514.007978
"ca5eecb01282d4a84017bd50",794033100.621479
"40eefaf8c26b8b4736308bf7",785747845.494729
"a7ff08f7e09b19c1546453fa",783725013.085876
"07a6da2c9c4833ee4cbe8625",755834616.900192
"b2d32589626abfc81e44cf70",798669505.28336
"aeb68eb7eecc4aecd5529717",738005754.368672
"3c0b438c7a4fcbfaff9f678e",773739542.738723
"c37b357d57918c3a651a5760",773917381.219686
"b65c0544e9deed76615a3138",878169909.546635
"3a8b7b9048c82797fb01a8a1",796469742.328691
"7549cbd5c8003204c85ce1a5",816460321.914419
"21b4c1ad11bb1feac4d02308",774289256.131071
"b972611aaf1b68340de16545",693491371.691089
"eb3356f3856526dc140be7f4",750887098.589575
"93ba409ab36d3e10eaae18c1",670870975.773327
"5717732a654405ba208c0f5f",844956484.362889
"aebb556fa6c9275a9b5c543c",820036891.001267
"fc72e535900c592d6053b806",697728901.314508
"04d77c8ade9a55fddd28b00c",741941849.168035
"028adaf559a05c8882893767",876266610.015803
"95781f187bd3fffa3d1b19f5",761784145.143062
"cc2c78d41e3fe29de0b4ec4c",669884845.401599
"f78886545677e19e472fd0c4",742385402.853898
"3dcdbb92628e6a200adf48e8",863949779.285191
"4993d1487d78cd9ae2c23619",831262240.489876
"a8a2c61f2b994411af5d9bde",804381550.159549
"57fd11f829e31e198326ac98",776757192.518441
"59b9a5730cc8a41bb7a1d16a",768838866.771843
"85b8a65f1b00f78e67622bfb",749439298.536274
"971c610e55f133a1d1e6c2b2",838009424.7101
"0f9867abe3ea0b9c5363982c",754065048.750231
"086521dbe18727963538aa7b",830816617.647127
"bda3c74ea6f73407a3c0a17e",752802945.463971
"257c765ac81bcf773473039b",770790024.867011
"80d2415c0460088d69574285",694636493.367646
"1554f8aa4c8fbe17e9e82d0e",716483873.823364
"00f6a62599f25ac506113149",955519725.006556
"ae26e4726c16cb2f6a6d3f2e",808086780.66665
"8018df1613094a9e4606c875",829957640.10437
"eae4a1cce7c039c644f01c6a",886625534.156268
"b07cd6c30350efc5de211a8e",940259557.878093
"5a2624a08494481388f6daff",819396003.893492
"b8eb177e22c63e84738e7788",634880187.632491
"ca02c904cf5eb96ad20705ca",587079962.462403
"8e6dfdcc28f830f2696de9cf",724506401.839937
"99fdac6a2ddb1136f7117f0a",419142821.787984
"22e9f1b4b5e887cb5f0dbfd1",477620550.780305
"d89f812c7edfeb3121bf639a",447301109.021251
"19957244dabc3f727733527d",467340575.294214
"ad1322132f3b533b4aced580",514132196.945611
"40c2ea5f89f5b77cc09d1455",453658095.982036
"140c4de69883df9f3fb3a538",407506611.187515
"5529091bcc05ba5cb2156b15",374305850.420442
"55c5e58ec636586755df3dee",584522325.786014
"6049fb02c166ec9b4471a7c6",627163022.018026
"758b4df32244a51b2271a891",577527827.217594
"2ed1ae5e6fa77e447af230fb",645779799.017374
"527a1c27e038e45d2d1fcd9f",524265120.890937
"1d0c3ba50087cf01637de6c0",597400888.36579
"d0804da971548399183ecb85",711943063.094661
"46a7d0f520dd1e78c0cbce0f",711943063.094661
"57e5120d0b71ec6a67746a59",656338987.86255
"b5292c1e1683d40be46bc2de",517863574.966723
"01e9c7531cf3c63c04b9189f",577450136.964887
"06e91b526821a6ad1372fc44",638939604.901258
"34bca71dc9c74a2072f11e9f",615470133.986663
"22385ae2b3e7640e8c40411b",610086007.419386
"6e4adafdd872a2837921276f",615464733.503302
"8cd3031963c612efd0049f8d",602118271.270543
"43b2fb09efd1593a94b61b4c",699363043.901693
"74448f56811e9562536eff6d",863483215.576023
"44f0e088fee626993778e7fb",776067281.632823
"6e6f7fa167c0f617f50c86cb",695182261.890181
"83da5fb4c15e3daf727a3cc6",785753426.937994
"b45c8a6224ae2656b4189526",941209078.124999
"0d926a0b5ef567c627a7eb0a",937729033.424547
"c73a1177d787a5ed72b8a9a7",404672118.756169
"75c1083db5c940e626c02f53",438977526.257851
"b925c9218f5132c6c81f3a18",456612828.710276
"9a091c59b3cb4c730372b34b",518991743.318329
"bcc704b2e178dd20497e073e",510902999.662523
"6f65de020f663622146b89aa",593726725.158953
"9f3680d00c86707fba024dac",568218342.200799
"18d5cc463455fdb4d443a6f2",595427735.890252
"f1d76d78f9266d9552bb86f2",684233126.050714
"74dbd25d407e51337f883659",762432215.996377
"88ff73eb829a6ec5bfcc0222",758095909.283324
"ed5559fbfaba86299e87ed89",808201322.394829
"5d97aad3e83e26b551c3399a",831535390.142978
"2258ec00dec6a2b85f439135",831535390.142978
"6c94fd185169e708a08d3535",415555124.271788
"ddaa88a11432ca21d3eca774",429719892.001971
"2749b5cfd2728ebdf124a0a3",374154527.264869
"a7546a6c6194506dffd65360",489815881.027028
"6de7bfc5e8149ebc40ec0e4b",563589376.11098
"6f83f14861e13af92a2b8cf9",635937395.009081
"d71d0c8357f09fe2f77bedde",583222465.001722
"90b28f5125a0b8a0e3b10580",691152112.237855
"940e08f8fc66ac29f6d76687",763256812.465512
"41d2864e1f73e29f222c61e0",621796538.040018
"f7399e57df358ae7adc9e08f",700588584.411396
"1679719f26e7c650f24eee6d",758968048.456288
"0803ef3270948a30b3fee2f0",806664146.261719
"4a3defc2b7d2cd751c9c970e",756748246.150226
"8bd2490f83568ba653cb74f6",824033072.825252
"b4ffd0a2cdcadfb962578199",764838161.190983
"7e5064603267b61520d8f83b",391200923.645984
"88964e1202647db0519a8a00",392653375.872482
"f3d94d0616744b87ff139533",572294919.197274
"60704a08df293592e4cb5719",625447148.160135
"347d5081f7bd36c8edc1f352",636930802.638888
"41d3afc1118758b5314db48e",515161344.969947
"80a1dc97797c41b61f46ec6a",720633800.24
"c0ff8812c1e8eeab07c698a1",530612691.526592
"a9a4a765b1daec2f3ed59a80",687721979.200913
"33258f995a375ca192ca4d3c",626018186.310011
"80b6c823bad5b4c0fff46657",748809660.691696
"719055eed27f361071cb9eca",805878088.70422
"9a354d8c526efc5bcce59dca",806638674.628551
"9850d970fe9fd9bae89f09ad",892543366.725398
"f2c87b07466aad7328b7e0b0",906599238.875353
"27ca0c2320c520342717355d",393198665.304065
"e958bd2b19db118c31f893cd",393198665.304065
"46dcddfc78444011abd29870",570234560.873204
"061d3fd39da1b4b1397054c1",598367534.96126
"3d1a8884a9687e53e5fb0bb7",1170209691.06667
"1c0236d4bc291372483a9151",590993939.921323
"c1420f278d45b85c56f415fa",639389869.828526
"ce6fc507df0105c68c29214c",402177141.857187
"e4f26a73bad4e41c375dd897",981388727.044936
"719190aff81379902beb6497",633062015.746512
"da627dae6941b59d1eb98e35",501967047.255894
"2189d3297ea703e50ec34d96",646229082.911474
"c7205874bee601a7b01a0cd3",800653196.020077
"a22bc19d0d83b13a53630b7b",594976640.531938
"8acebaa9fd7e917d7e3b391b",390063729.990361
"4e104916ab915cf3c0bef846",645518958.823023
"b0df95e9fc94d9aeebc960df",624172698.279897
"ab419cd48b81038c5a30c721",577527827.217594
"5b9bae6f556700e099fedf08",384618914.972998
"989360149d9cc6088391db4d",614344694.179369
"bad7560aac04600e1ec1a9ce",603863588.720651
"08d9f04bc4ebdc74e9d80b16",607124977.199082
"f4311c45516bafcfe8864c70",483910232.960597
"c84e1db639ee43ad83f930c3",380258664.764313
"f778fa43c92344cfbd700432",577616409.608725
"2019bd32dbd09fa285a388f7",618597758.172645
"4db834146c4e73b515d510ce",387868966.546997
"9f9f2548425519863e2cd6b6",613521730.464279
"6c3bb7e1696df587990161b1",506610140.125951
"82f08aadf1eeaf2058b50592",557205675.985844
"753e74e4dbefeccf3e6b27fb",521072840.464712
"a26149f589edb9a903782a3f",557169850.320824
"bd264728a0464376e22b6bee",575813346.022017
"2d5564a502635dce2d46ef8e",692421827.589159
"05bcc7d7db8d352216a4af59",735311687.071555
"4794d9994512f01a4bbb6c48",711412567.707401
"64a4528640fe492865ebc0dd",614918451.68243
"f655ec98cd42b0bf2d7cfbfe",590797735.39395
"b09de5f1e028d4fafeb8a22b",631246370.240409
"4c79f17573007a39bb2b4b7b",761731891.94904
"824894236c20b081af2c9868",590927968.408865
"107e76f0c913e19217662faf",761007008.356453
"d5e2bbb69ba3876b93af2d3c",836709563.925808
"a2905faba4c1177603e6cd5b",687214069.338651
"d13e3d432783206eecb0e192",778633532.403345
"6fecee4b1e5f50c0b27dbba4",606571007.26826
"57891292fbd530872cbe68b2",600663861.23239
"d0d6a1b5c60ad420ebf2ab8f",726432348.725887
"711736da4f0e8282fc8c9e69",797681783.656581
"f32a3b542efba398907ec912",510211570.279179
"299a94a02e887c6ab1de59c7",398013745.969623
"ad844bdb1150508a4c6d57b8",494328455.107824
"78c17e6ceb87f7587364c873",471354504.732525
"22e8713e2051c88cdafe2364",432746427.850862
"79c5085c14068e492e402a26",839965606.66378
"205e9d987013859f391b27b5",830760393.173307
"36aa7d0cbfe40adf3c86a134",1016292361.8701
"d54d787189cc8f014ae58aaa",504615780.193269
"fe2f1459eb0a380dc31e3a4e",704584085.245566
"ad663952ff2ba1953efdc460",472230964.259199
"b7320c35e90f33fbb1c28813",506405894.315436
"8f90134b8e68948cb18fced1",731909453.585714
"2dfeb06300828182d4109c43",637070693.557405
"3f5a0cbba1433e9b6588dd73",483438383.111756
"f952c40e24c9df4ab2d62017",640442243.423027
"462c7546b358b00e617ce012",525694945.682202
"e0df3391aeb8d3f4b00f418b",513191903.147026
"1e48878318d35476c3e87520",368944948.169758
"e3903705d5a48c6d9f828ab9",522053167.133017
"9e590ad7d22105456bebc767",611569898.261826
"d0fe3d393eee5c0cea5bb6e2",377561213.094063
"57b3791f2c5acffb0097f7c4",482178418.431542
"e11f9a5cf9d6ab0ffddd6096",629391995.146086
"9a3920f803b087c29b487cec",633957693.136266
"6cc0fe8ddc318f1bbad360c5",570545973.901166
"3e0c656b64d39ab38201a112",453427659.723359
"cd55abdb54bd56d54b11fad2",570545973.901166
"7cd39eb8de56700519d8f287",626253823.621844
"d762007a4ea5de370738e875",655353404.76714
"f4fc67d9b9c6078003f9af35",767567273.76825
"dc0a4632d7378c25be351760",820986722.803049
"530a3bae5a13291c69bb8474",595692123.26189
"32b678be83da2a07b37f3012",666792096.999447
"349768047d470d2fa6ff1930",755302976.64608
"e017c3311e2fdeb50a686547",746251617.634835
"bd0329ddd50f2dc4dafebd26",759458016.567356
"f6252e878aef5f8a641c3d6e",536914726.899649
"45ae8ffacfd00fb4a4f53d0f",840567061.38649
"d186e369ed884150e71906da",784335731.872267
"7b9e6b7eb3a5db0443193fbd",762624315.436506
"1ddeeae13139b7c9ada353a3",463294234.439332
"a1ae6f9f5d02548c89b23904",641785152.144061
"dc298d37c5235e15b4cd68a3",555962319.272259
"f640753edfd8fb1a995f1de1",474757820.056347
"69a1f439de0f06e1143a0006",653299839.436835
"98f253233bfcd16533e2a448",746251617.634835
"ece6f8c652d4227370ef0fcf",771306154.319866
"599506739a6544839bd97b81",822063852.530595
"a12f49f4ac3c5bb0dc7d8d20",502223208.229427
"9da00f8ff8e19d26c1342274",707496285.451818
"cf5213877dfb4df98f0dc10f",661301874.901013
"84c7006b5a63add890a224e8",741698333.314841
"88aed38ca59c09e1a6202672",762485711.087633
"e6bda9370c80a5f7e5cb6b07",1142902881.7717
"3b54ab53b6e3453e333a0939",433721453.068956
"e72ff7414cceec6b162df345",543048900.438673
"f2d4c1faeb7694370bc65ec2",588128268.349298
"e1ffd027cce28c44c0d2f80c",517701378.66906
"5c5039602efa36222e64108a",612282966.965711
"b50f2c871166ee1009416be6",613222407.652261
"5e7e36116dbc08932f5fcbf0",609574301.878691
"325ce336d3df17a078db5166",598632162.232836
"a26e967b288a1eb6d8e71d46",389885586.454351
"139331d23d9e3c40cf083a7d",649589524.063058
"1704b2d5f4a33401fb153608",409025175.203338
"ee70354146295365bf241d9c",484079471.270337
"fbb0a76f05908c118f7a3df6",462540415.300738
"2aeb794adc9892354aff7240",714350186.247908
"b0a32581cbb586f9710dc3e2",665324323.924013
"ad7f3aae29fa1e7ec900b563",570545973.901166
"1695225258263bd2f463b21e",775355752.184519
"f72fb486fae49fc1de1fdcfd",789474716.329609
"6b8f7074aed7ae7e6cfbb090",967837285.171994
"619dab52b321ab297a604185",864874788.053314
"b5bb9af24f9de68e91a1df76",690750547.623861
"ac3d21f51637207d3e031c2d",631246370.240409
"2aac28d03c2110d871b5f274",455259903.985514
"9ef498b11563827597c82947",531591580.687044
"4f2ca698ff03df0c6386e48f",635069789.428271
"606df4826416ea0f146ddf99",555740718.892135
"9ff08a6ca1c63480c563442c",679164604.10409
"ec27554aa1c62314f4d46fc8",405907698.133202
"762374e94f17a8783a66d598",575813346.022017
"83ca3a41ca4b5337107c197e",654214924.322239
"c166a9293fa27e910e1fa9c1",671081161.075942
"57f8a1e37c4ffb1b8cbd342a",826243793.33416
"393d99ca47315ae98fe9e7c8",674664719.483871
"9bef4aacc63605f2b2b62292",756982886.267536
"a266efa4e41df357ac4edda4",823969844.185444
"adfdb0eda9aa97f0d3005c4d",500460484.229419
"f05aee3e433cb036653b4375",623484362.667504
"2dfd1808bb95170a088deac6",644279311.881327
"dadf0a00434e8ceefb3e26af",631565791.036672
"4336ff9b2dc1d97ac8f9694a",369248028.742836
"eb14a5813f860bb74740da2b",400401862.100425
"3d580d0df1bf9dd124c282c9",354994952.391103
"49bb5311607e4c7600caa03b",574541874.544771
"78a39ae05ac53535ba0fad2c",583288763.249747
"936e18fcf06ca3c46eda7c8c",532668800.06834
"23f12add67accdc9ed40f59f",459828435.039104
"eb1b9e15dcb88964f79e6a4a",607913320.933091
"e2b7f984616fff25e3dd6a3f",624718440.350996
"b8e2b98548a234a245d7935c",662491616.419562
"79382c56606e701e44d55033",728838910.499259
"983874e637a1a5782f31089f",570421988.56914
"3da9de8f610e5c40401a5b78",502088960.502589
"cd69a049dd8a3822e228ebaf",657947928.195444
"604f1b5149f770a8f370fc75",466198095.453041
"0d24fc1c5deb78eb1a0caa51",337943604.220821
"583af1118e60e46c347ec593",853885568.455792
"13b181b46359620191e6e4c1",452128632.043716
"50d8333064f0560cbe549f89",481850200.841945
"d9000c1afed253d05de7819b",451396797.254716
"792ac070d1a314f585f09987",429985790.453235
"3e874c25176a3abb336b31ac",408304808.803516
"419ce7158ed62eb6897cf09e",429419381.015789
"b6b87c05c4238be76d94da2b",377925849.755038
"980d809e549333b475477bf9",399062571.392285
"a7df3d344010d5bb7dc70bf0",408048106.898149
"3d474c6a88ceb86e00f68b3a",402959777.349485
"be4bdb73add69f12f7aa6d06",479317519.651098
"fa5234ddf23dd0d9cbd3cac2",408422099.791295
"91a08f81b621333ac58c3845",545052200.074142
"702aaf395bc78986a008d70a",464846199.947873
"86b0c9c1277e9143ee765b43",489660098.65516
"9c2c22e70cffe6836f554f24",477388099.370315
"31f56b841b122b35615bae2c",476962208.644674
"41227dc9c9948a5f0688e426",525742980.966939
"781989d4b732f961f91bc3e4",446041669.24836
"cfed0221146f4d83d641e1aa",699344857.490312
"8ec491780efb2c27df8dc08b",486591715.982692
"8a5866428508658b4a2a4cb4",544568806.65834
"156dc81d6e14a71716aebcab",552804173.04374
"c24be8293c8f4080562ec0fa",450247821.887972
"7fa11c05ed1c123c1a457b1f",614745299.659438
"a63c36f6e7e7ce7c7e7fe457",614361647.17157
"f9bca38d3e08176649504e74",523950936.918977
"3d389130627ca7bade643f47",590039244.782297
"70314b0bd995a4b03c771ae7",545245534.490005
"a3c3c9fc04cf2e2a051a12e6",450247821.887972
"4cbe75a162b076c4c454dfe9",454086142.599798
"0c62d4d501a426cc8fde0c36",614231057.506009
"533363375cf2cbc50d86773c",560387197.168749
"21d0f28d5f30a64352e60ac4",469073647.579373
"471b5135fced50f7cb4197e2",449376728.309447
"1c7586fd8a1a38bbda9c92cb",471494876.065271
"a0f28aaedd12f3d0eee8c6ea",501480418.016568
"8923182b6dcc9f2d8be1ab53",568196633.20761
"67f694b29bfa494bd9d9cf44",553178165.936886
"b721a5846527d5338322c9d6",482423441.831968
"ed09fe201c9ab02a91779dcd",534525909.176258
"f49045b312d12268eefedcba",516435565.270616
"22ae194316f34d482bdf404b",450247821.887972
"4f450ba5de4766e5ecb8a4a5",476411922.81987
"235a2209cde8f8b0276c845a",547665761.443568
"f563f0899884de7f9bdab405",434769849.505039
"5b462279f602c5b67ada82ee",553781241.348928
"fa4af69aa064a4306cb110d0",440492248.493533
"a70d32ccaa78ae9417aa7e4f",450247821.887972
"77c9e5e3a6d965ede708cda6",495497395.570265
"5637f3d3278ea049333afff4",469073647.579373
"1b1c220eb91c9448b520b76a",531552847.584199
"f4a6ec71ad7790df9578324f",462589317.065275
"217e1715fdd5db76ce93cfe2",454235881.973726
"2cfa1397c901b4e940d9f673",454086142.599798
"44672de0d6d9d0cb3b4ae938",525742980.966939
"1c50477e5b3a67f3d8fec62c",536088002.676017
"0a2a67e8b310471b115c60bf",492701474.128643
"06220a42e68510eccb4d790d",550166669.832442
"611a3e1d63c6ce5ff8779243",470441516.3979
"1284d7ed08122731aa7c0461",504835910.985971
"d44eebc871d1fa6981c32ccb",455580689.110327
"43272151f217feab78190393",613829713.724963
"6bff92260afd556a98d3e3a5",635039305.826898
"00586a92b53f4a8f9f6b3022",740131882.83995
"745e7f6a83b55196f231466f",688129694.41389
"9c558e10e5bbf230f16968f6",616601607.216081
"1b425a31cbb73b713f291e19",660356490.448562
"076ccba20dac8bfcf184b8a8",634708619.93501
"c8fd8b729f4ac6270aff9c9d",535850426.863908
"52f026e670e9851b08c70542",607345383.210865
"00304df33a3c9a7e396ddd3a",703753798.795623
"ee27eba49457286b5ab76172",719224686.815643
"97b57932e5e20416bad6919e",611361948.436014
"e570c5f58a20fda42bfb535b",702950895.590969
"79acb227b5ea365414982957",623042148.415552
"d24258de8d2ca10186660a1c",692719997.941684
"8a8c202c069c20696c2de85a",595003888.033562
"40f301afabee5be092ba20ad",667263807.814907
"afa842858299a6ebee166e31",634708619.93501
"7641dcf512a05ca754930bed",727498571.565104
"8c9b472c55d4b99e44041de5",622144165.515906
"88b98c026b7650192034535f",910191787.178075
"9bdb1bc52a9ddfe92e6a948b",695325185.216016
"4abef5720fd889512ecff70a",695924122.609401
"58b139bc16fa2731e4b76f28",613829713.724963
"9ad9ac8728cfc2387285c24f",701596298.220993
"75fd5603c4de9678627f81d9",679977686.977123
"9f4a25a5550f016ef2370229",608893295.876717
"d4f4d0ed36ac9affd71f302f",591776244.528537
"51bf7bc1c19fcd42e71f2463",729129554.039124
"49ce19caa1325233d0de331e",614347278.751319
"5aa1667bc8db26bac1c72f5f",675158757.630867
"b43b36ea4f81bbfd4dc4d781",598368297.055458
"2a623b33f3cc1f54620b5233",749223342.711285
"8745eefb9e2761ff7eef558f",688204123.126162
"0e49eaa5cde9375b1f026820",588447901.690342
"f5acbf43add5776430d8d4a9",673678884.947917
"ca50f7143937a99accef865f",718043639.806654
"0e1bc8ba1953ec8c28e53b9e",690001600.635595
"980bafcd065c8e3d6cece127",608461159.563312
"c81133d5a58d7e8eebb10c8c",660743473.718091
"09656004f0a7f544580958fb",736238632.797058
"edd342f84fc90478e344ea1f",617585273.716713
"76974826c758eec5c255c5da",727341622.447443
"63b09e45c1b7dca181491030",614742301.563213
"89952b237fda041b09f0efa1",679155657.85958
"219164e1d9b14cabb9bbb8ab",683545459.663889
"ac8aa244c21a9b86de4ed599",660743473.718091
"92ba222e2dd63a4453a30637",604532637.953577
"bfaf8b7796c8c57bb5997be7",689808266.219732
"dd5a565f854eaef90976c5fc",705143263.314339
"f8ccd21343b112d8f9e7123c",693561142.074262
"a90991f865ac81cdb3de201f",616250942.210862
"fc57fa9bbc16d1b8106c2c70",585248314.639124
"9ee3218bc61636cf0d7f8107",683242615.618173
"c00592c7c0c3a863a1bab9c3",622637846.865009
"f0aa18bf86a36daeb59946e8",659578003.432636
"e186499af986f1959f729b9b",675904906.62475
"18420ed4661539a2d72ff400",635039305.826898
"957731b9940c9131d92a22fa",663170218.665661
"9172caeeaf6498737fa0c6dd",688337975.775256
"c798ea36d2e4a8119723eae7",662053160.780703
"eb963f082209fc077aa72bc9",679977686.977123
"07b7ba964a8e30dc16d66443",752052547.591919
"7fe364ae771a7689d2fa5584",739185675.365637
"c59e06a2ed37fd750cf39976",768752740.243281
"ce03d8ae43a426e074ed35f5",818665387.352183
"b76c45ccae25a06dd5fc432e",690428896.032084
"f855725acc115bbbf03bacec",674836951.254397
"b0b0db3bbe07839bc2b600fe",792708243.172652
"cfc8dcf337e020b875ef1572",733073074.889342
"390107256faa08574d7231d2",731752523.486186
"fb10f3b45e865b4626f65ddf",746517064.708613
"75f167e2273fbecb2c81ac0e",829045227.311975
"a7b15424d7c025d885636a72",844125281.099769
"f9c11e980254045d7478f273",709514368.782479
"e0b13f6dc213d05133252d15",778633532.403345
"c12f362b9060344ad044cfb7",761503846.159966
"f872f224d2af413cd104f24d",745165813.691374
"092045750c36a8945c526a12",575878704.339879
"5ef33cf17d4b45277edf35a1",425208419.574555
"fc64387d7c3c91a6e6e876ab",656014333.988019
"c1168159d4e2fffdd5662757",575776087.468538
"cb604e3a56cc847189462004",703065809.985728
"9e95710c61a4706e21cf70b3",423650413.298692
"ab37f67a3afa274e719ecbd8",576629454.723109
"970cb360eb64128037be7e23",534662324.524545
"e42fc32db529e088f15cec8b",662720685.669446
"8925028d6e7a6cfce9967779",589482768.604414
"759e76e38d84a4188dff5446",610572841.355107
"83a376df2024c4c9fbf2a0ca",485173074.61777
"a8bb80d99280e332084b3950",585474501.554644
"c16ab4a11cf67a39fec6f049",446632784.066749
"9cd1127b1bc10db6b8ce5d4b",696212968.711093
"ddfa979b1d7cdea1d7dd0a86",388691034.746971
"d78f7a1592c0779093150ddc",507039619.087337
"97ce3e0ef38ad12f7fa8c4d0",456612828.710276
"5c789f2834a1a69aede6316c",494058984.651404
"c29ec380fc7295a9a770a74b",510902999.662523
"5987f6171a2bcb37062ccc94",634708619.93501
"1e91de6194769980800b4de8",741431867.843307
"0a0f206f04bfb10c137388d3",906691139.142972
"34dd15023216e187daaf5a07",820986722.803049
"33d2d1db291a13affdc209bf",614812734.854488
"6fa5e5160d7c2bed824bc0d0",528029498.167091
"8c04aa7506b8c80c1bac23f5",724506401.839937
"e5d445e39104d9ee6b244822",630317173.35113
"2ca6b3016a89139ec7590f9a",829802300.231327
"e567e9e5862b13f0085505d4",400876692.277332
"edd1c4fdbef4e6beafbd39b8",469806416.041578
"039a9029c4341b1528ca6b46",411825746.016366
"fa1533051ea4145f7f710ed9",471127212.909677
"9c99a85c5dd878568582dd9f",462459572.370689
"9ec426691c80918203394ee1",482351822.87437
"66f58d9d1e1eb7e81cab24a2",638982298.362666
"0d0f8ce05ebe99dd3bb7b23b",488444173.982695
"6a65986cecddc5c47fbddb9e",502259128.912239
"a82fc744f537ddc6fbd16883",489742533.426225
"d4c40178c19d6cb2fcc88e48",501376607.171115
"4034cb3cb77e9cb39cc98fc5",487651235.186731
"41ae9d3d280d4eebe510606a",546290790.628873
"4aaf6763c105ddf2a6eddbfe",584038932.370212
"633a7038a23ffaf4b3f7896d",651681986.525983
"2a531aa9576c5f91891cc8a9",614403456.269132
"85d58cf85a179e167428ffa5",600336755.255917
"42f05e5d4862d653efda75c0",600813754.650823
"256a46a6d45d168169f63aab",596881325.724529
"4b0fba692104472b36c38c3d",623042148.415552
"253c85b226a15d0ec2fbbff4",584861331.369595
"b0bb2299d5f456f800993a11",668645808.523693
"47fe78f6299f757b231be10e",629136993.004978
"4d09ece928ffac7e7d270bd8",615016211.124494
"fc762d2d172737cabbdfcc75",756004919.068298
"2809252a96f47776d12021af",754070466.044464
"29eb473852b36dcfbda0c702",615548651.911217
"231c050bebe12f568ef92afc",721001984.044295
"acaf9e18bbc7295633d92e01",693334492.863312
"860435300909449c0443c10e",716508619.461281
"f967ad5e086f485c27f09990",758095909.283324
"678927546243e932b48d6058",756771167.454566
"c537ea2620b8c3a3f013c0b9",758672706.32611
"10037227b2a24d9a72ced322",746619105.597177
"1b4b3662ca18e731acc18928",668287412.793046
"e6717956eeaadb3e95840256",1229199612.23771
"ccc4457f68fcc1a416e3acf3",527846673.312752
"94d91969cc4b9aa1e856d801",690419487.326304
"2cc821cd7b5fa82b27308f87",477881780.719418
"f05b3779581ac0015f29571f",563898887.933574
"dfe09a5f848e8e819c361ac9",485111737.356463
"ba87ed2a657b0b042a05460e",486591715.982692
"f967aa89a4440cc1c44bdc54",590635625.97932
"81fc8d666c8735e1095d0d4a",746204059.238651
"fd8b9540f1e9da778d566d25",754435567.337449
"70baafa9789d2fcf1bc212bb",517210001.540381
"4911f8879e5bc9c27ac13bb1",384783518.33551
"ce53f3477814fdea2889cd2c",533783617.831752
"62f022e19ce6608919eab5f9",595061461.394826
"55657bb933aa2ea3083e0b90",558707122.843301
"808dd470aed6064f02aa5103",466485624.343409
"39bc028f3b42d9ea48808ad0",569554143.73037
"c0c01ecbb9189d77098659b8",442027631.764381
"57c68d470f6248d00b6719e4",758968048.456288
"26c66cf2f43bea00e6387326",676888291.930512
"b5f0dfbd34392f6855bb4b52",682906479.939875
"25202264e18928158b89278b",707566139.807888
"e93abbb49b24717d3a0767e8",802954275.616219
"906e1f2e1bc5cd51a55b0266",691152112.237855
"eef1d35ffd08dd161a36a2d1",831092097.395805
"35e0cac576415a4e61acec80",830760393.173307
"53ebe061b85f046ed12ee9c5",788234299.320983
"059d77736dc72013de7767f1",456676440.761549
"17d7986a62e0b066e4e5530e",386830373.330788
"8236c798dbffb3db51d5d744",383218960.56853
"587e67078115103d184970be",405061862.948596
"7569fb4aaa9a52d6a525e3b0",405061862.948596
"db122cadb7a9c33f420fe246",405061862.948596
"e852246b7661d30dd2e1f0ab",405061862.948596
"f04eb16931448e87aec205fd",374203132.64526
"90e858d3740d4aec0fa21c12",448399802.842571
"65647ca6e47eb2b9ba20058d",655585414.665201
"d0792d22549d1b3f63baf3ad",458528117.4396
"76c4045b5dad9a8226e9244a",530182257.939977
"fac4f0bee67523194fd4312f",575813346.022017
"ba89ed56d156579ce288dbcc",544568806.65834
"adce397b6d1473b9b6d02865",603786816.242882
"f1a924badef699637ea8fcc2",652003412.486137
"3bdce823d3b96e8f0170d96d",633159795.000198
"439004dc23f97a878ebf371a",631246370.240409
"192e05cd731950f91fef1d83",726684195.050523
"5110c49047db23ac3aa4ace4",674739659.237725
"f4f7bd9d03eecf35e9f37619",657023846.210734
"141dfd80a005f7b32bf70375",692826991.182426
"08513fe1cddb2cad74874a59",611609443.720987
"6b23aa3ca5edd20134811cea",721001984.044295
"0fcab263453a9f196468e552",761731891.94904
"127e08fa99afcaa339eff684",707238059.791116
"d2c46ef63db73ba3cb7e32a1",777073257.36772
"7c50c93bc9e8846345892c12",679155657.85958
"63698398738ebc7ccebac817",697326908.268108
"417e974a3f0d97e502e49800",696544071.828055
"6483f2fcdfbd26c621a527fb",753248481.513857
"3b739666f401ca6b2135652c",745481749.178365
"1b750e6e2e92e8222482cb46",721343504.312244
"dd34882ac55c57480663f7ec",758968048.456288
"026c6384ceba017c5f2cd66e",537034930.398522
"3f4272a3a4b14ce152fc3abb",369683797.51115
"5cccf025fcc0a7d9ea01b170",576773561.360001
"c8d179013c5bb6379693ef03",481572310.447481
"8c258d10ce32150f5fe5b712",621040609.975883
"eeb6fa8f820ec63aa0aaa303",691152112.237855
"ec8b305ddc2bc211a8a05d0c",424245611.959425
"5a84e6d2ab8db0fc60775d03",553905025.696251
"015d17895f32e2a8b616ca1b",617105319.955559
"6fa35f1af6d51d341a3165ae",489067160.254959
"17821a9cb766b0f3ecf24e83",473810387.84876
"23141c17df584746755dc508",389800714.379612
"00076c8f390d5dcccc133309",659001690.966117
"25488b1c8fedde6250b413ba",469073647.579373
"5ba6b4953759b45cb83512c7",810692774.90993
"8ea02baab0c59eac6584f62d",668216486.612138
"b5c34f90096fc88b8ca758f2",830760393.173307
"35bc25d0f9de2ed4f714fc8c",506806024.863178
"8b0e1911b8ab8028409dc9fe",876892330.776867
"2ba1672e49c023258d262d1d",375192364.853189
"2d778563921376962d126cbb",549628944.823002
"bfe7c873b2fbad871327994a",512410967.100646
"72d0f19409c85dbe32cf6ec4",744414524.769428
"d406baf5cc9b4473ae9b8426",416911949.520744
"070912b7e5fb205918c1f4a3",402233968.998648
"659abd72d12756ba0670f466",586563833.009549
"7a464b948b65544159cd0db0",545657544.615806
"e89774d061d50c83b409a071",611959296.771712
"fd6b2efe5da2c35058333bbf",700323878.407542
"4577c1623c8407e95e893e63",542710744.171644
"21adc839dec9e8efb128abf1",484079471.270337
"aa843a050ebe8e4b3a04e9ef",747796739.880321
"0252fcaf7bcde09274d34be5",755302976.64608
"46d77c92811f0c87d2d4907d",621838385.710068
"a8c662f906075eedb098ae5d",626253823.621844
"b8b46931b93b7750e0d1ada3",599022559.4882
"efde559422ec1dcc55abc686",799038926.71195
"339bc881458ca34bdcb771da",848914834.814338
"d7ad6527cae719481f849927",843526343.706384
"df3abaff81c430b4ba85d4a3",979395523.959841
"bfd2f20a7bfb0d865d7f7193",690750547.623861
"fa3ee96e6b6ffdfd00aa335e",702399342.298805
"163228979751798ded8c3fcb",756982886.267536
"3578144f12e13e98e8cb2480",413413139.825915
"7136cad475a0480044707984",642763980.404605
"93f5694b4854068f42ffe55b",466884321.659984
"51608bf64739db05c47a3bc8",658238633.304308
"6a01b6d09d516d67f4a2fb43",403068442.909165
"5f26f33bd89fa7563ac6873f",364294700.938807
"aba54b001154ad881dfeea6c",407814775.976927
"b2eb63e5da917ce649a72142",477309013.964773
"1427aec89ee9564b95e93cd4",602323964.88876
"a0087db5e9e2cdd6073021a7",454235881.973726
"4396f94f7f3c403c43d3ede9",705894229.798544
"aa703cc78a1ce659901e711b",573418143.336836
"0dd1bb83f0f18af30da139f4",572466026.935062
"37efd3e2a5b6567957c62081",571473014.533043
"ea47ad6335e74dea06228b16",555893577.793704
"8a975117ab302b77ac057823",564342013.100286
"ca5949c4bcf0b63e5d1be784",603032865.297469
"e9f3f41366d5d784c2928937",533209026.429541
"7a9c505db21b777203d34bf6",543332826.18462
"238cf9f99c4b01777a97f82d",619263017.025053
"385fcde12021f4bbae6ac2fa",539259966.480268
"d9eaec557a7a6674565db1ac",973565508.271251
"30b0c440c0bc8c6005855ff8",687591800.518772
"09feba43c0b8f3560fe09be8",692096766.295048
"2547bcc87b618d3d7e22dc21",647520426.296794
"1240a616080d6ba5459335a5",756393245.845178
"7cbc8fca4f84908ed4e7192a",687528492.518907
"151a16e94d538a7a6d658ee0",762624315.436506
"a8ecaa9120c6da21229cf145",768838866.771843
"3ca34fa833e6ba10cb4b1944",696402757.239356
"dca2e851b82c512f01611ade",647435972.259414
"3747996611a842c452865a9c",630398094.120737
"3528df61a44a9895248336c9",658962723.115531
"398a67970cee5dc873d71bbc",754772165.758628
"1ba2c2eedb352ef9bb59c638",797128416.778839
"f6f4a467f40bace72ecff598",694544841.844921
"b2af9047dbf58867ed0c42af",898701220.181788
"012b8d616667a6dcece0dfaf",852872000.381155
"0b117f10e699f10f97a7e7c6",818700205.602897
"8d5192b6208902ddf4804839",855044099.697617
"b86cad78da7bf06b5ac39f99",1248084263.42693
"4cc8c95dee29e43463a8dfd9",552910131.701211
"76846ed8b7ab36821b848f2f",655826902.642007
"5428bf7f37a94ce9fb2dd435",573996034.88813
"b22c39c3df7d8e32cec2ba43",407479042.931554
"44f5380847c175a42becfcdb",946627448.907715
"fae53fba5d405b2e6a3abf01",377925849.755038
"3b52bd5eee5ef8e3871dcb3d",698254048.040586
"21eef7da02b0f2a2fd987135",614452744.716162
"1dd6b0ade195edae38a4a20a",546858843.339275
"f359afc7bb50cf6a61ac63d6",494037360.018819
"b0de107a8cfad95f09876eb2",759960387.165896
"2e8c76f4ed59cd3924f7136d",757104764.834602
"06a2efde5244f7d653ddfb8e",666006338.193035
"f72e2f6cfbd32d97bbff3ac5",794222308.509399
"9705748d2bb061678a80826c",755142402.620816
"9620068cef0622c404e15960",365159682.203445
"cf2e8824527989d3cd29c058",399901648.506599
"6e606a7c8bc632ba0ba37184",555909656.919918
"63fa384ea296390350f23d7f",652755213.817082
"4d3f5e7ecf4d361d7eb55f5e",549817929.094186
"e31a209077a3e47712588730",545936675.476866
"5f18524e839c2987594a11a9",575231824.709893
"def06f49a0b8230ab613db94",638913290.718473
"faa72370e4c7718964930805",638913290.718473
"983503bb75d84c410d1c5d3e",600197084.020492
"30f381306494ebaa760b990c",676102471.844952
"5e72dbafa642e4f416e6f01a",631943792.36664
"3d5ece38670c1c96df4cfff8",676102471.844952
"1bd6861d451d128c8bdb72e4",693334492.863312
"072a6f084d31a5a4be4060dc",728196372.078502
"4d8deb43d663fb079262708f",725431197.518788
"f00b8eac1812a500d7a732ff",675124797.326487
"77a62d5e2c89da24f66a2118",735391692.124911
"961886897eda4b0ce54d1d82",742110470.089406
"6f6c83ff891e43b7c84728e0",746030962.796392
"ca8c85e8100f64416146368e",740000896.041072
"24297f4a3e14c24c941e7720",849470576.248144
"98d7f0935f021acf313630a5",772211802.657592
"a362533eea6c235049bf3359",704422755.625008
"2ddda0ae748b38a6258f660c",926881708.217648
"b18107a422b9eb6da9fb692f",844125281.099769
"11cd643195dbe5dd4567b62a",760788422.035018
"c9ee7f0666429c0c15c37499",382359827.990093
"c386d1ac4fa8dcec4cbf9788",500101143.810882
"21e0bc9789139640ea33ed09",745233145.896662
"cacb91ac1b835d62422b8a8e",671328280.054597
"bc41e69def6bc7490800c4a4",448369626.87302
"7a13669d2d7ed2e50b80b4d8",445360209.300588
"08dbbd8d672fd09463c061a5",457149017.399712
"cb93b0d5e9a26628b0462b14",631110693.936681
"d6a43f209f810455fa41dfd6",605366540.778176
"ed5dfe95f82f4c087af07045",817755234.625929
"02060d2f56e979a61427f806",650323416.162571
"88ffa9f0bc3f6c9f2e589a75",649072391.805336
"b48093abeaa178d1f7fbd83b",637515543.979181
"b42734770dacb7e580a6d742",816460321.914419
"d3aa845e96d22f31a3656aa1",408993717.591803
"becc3ae7a71d597bcb16d261",785747845.494729
"8dcfc24742ba669335a2d65f",861180514.007978
"45e2411d38589a2d85774c5f",773917381.219686
"9761b0f43949eb5307472ba2",697728901.314508
"e07035cb49625760c7da85d1",523094342.60358
"f88bb9c5a471504c13d3616c",479694079.100276
"4bb5265c6e63449e5fbaa270",829957640.10437
"ac73b8700744cb7835f328cd",693491371.691089
"a632ececd6a023aae8a7b730",632544009.442502
"858288683063dea9d5c57420",598094006.302325
"d04f549fdf8f34bab19a171c",379462630.093893
"6ed5fa8f114431d158d35f43",641117286.467945
"f849dfccaa8163d24ed935e2",955519725.006556
"bfde6e7200fc27e6e6f1497e",669884845.401599
"59c11d3de7153d2605cc2273",878169909.546635
"33ddf4e1ed8c864e9db16887",742385402.853898
"00f5ba660a4fcf6ddb96220a",744459204.249339
"a13004b87c6d7e7bf6b75730",761784145.143062
"eebc02ff14b6d270746ca055",794033100.621479
"65ba6e178f3565a84c6ff973",738005754.368672
"a57f40f00f80abc7450aaf9b",796469742.328691
"df37b916acdce817865197ae",773739542.738723
"b5c074ee2e2538aeca099fc4",808086780.66665
"004c9da9ef1b3b5e309e475a",576795961.766899
"c5b47ac5c4b7476d50bd56ec",755834616.900192
"778ec765417db9ee48d697de",719727723.944292
"b287339babba162e290d0fb0",639682895.635764
"4d35e00e86a9d508d82ea90a",458515271.003417
"0dc2a023fb6c5e0b92d86ae2",705469158.096449
"5787d7c671378e596edfb58c",798669505.28336
"8595b5517cb3f1ff8094d67c",637382221.813885
"f4d53276bdb5899c6f059c67",876266610.015803
"9562ef63320854bc6f94b5a4",581941110.405741
"c04e72fb6244d9a9b28322b8",789474716.329609
"3d141576443a97b0202c9672",734585230.990637
"7caa4bad394586a46dfad854",755136842.632562
"8420bb74fadc0c8853cda025",542698389.705088
"b274adb68a37458cc5181fe2",592531000.660978
"8561bc940a91f029147430f1",634708619.93501
"258a968e403e747af5693a3a",745513701.334472
"0de34892fee879f449facb19",510761672.910726
"9634cfebe7e6b095f0065ee7",455580689.110327
"1f3544c9f47bc00fcdf59d74",580680694.763137
"e3077f6e47d130106e7165c9",618008066.629763
"f0ce47907c3c30b6b5e990b1",661614291.227778
"1432cf7de2beb14fc7603ae7",767004812.976013
"60f0df18cb4324ce5f4bf650",798981317.416697
"7c1dc421f5a689aea5babe4c",663395790.59964
"020dfae44183c65b708727c7",519400065.056577
"92a9c07259efc617e7d58f9c",522136747.5177
"18531c57f6dca78763d360bf",626742420.88672
"dacd62440872b6e94ea56fab",416737329.849109
"b607bd072e8293d6594f3829",650018576.0855
"eb86c1da60250e5559fc3cfe",542511761.406571
"fae649fc7256b9a3ec036583",637967287.31446
"b7fa81aa571906a93e9b6cba",640950925.56443
"0823be832fff81b3f1291859",520657704.32134
"fca3a0fe5db369235960d285",548354539.332379
"496fd5c93b2a578d970ed55f",491459263.667121
"9c63c6c27c74c03f071385e2",510888913.421302
"6ebe90f7140b738b3696f086",727408446.517103
"7110d6374f3fc282e4f4bdb0",471127212.909677
"d33994c75d98941acffeeb90",630548416.543633
"b8e8d84450f5e0bc8a721c94",742606910.979794
"cba57e3b393b3e392c7431fb",686808561.293842
"fc2ceba651bc629e7f690849",748125079.791037
"857761b5fc5c7d101cb765b6",605879402.372037
"55f67dd7302b68477e803399",636351451.436401
"19f538269846412f3e150a4a",898839779.925696
"75e0fa8e5c83c49d3a0dea48",936965474.347881
"fcdbfb9e15352cf210cce7cd",769546087.747931
"c2b91ce4b1bc8c576a0ce1c8",851686521.322177
"73eaff92528288fdbcd61e2a",751820141.749563
"f6544a1c169aafe6c8142907",973316942.275121
"cba9aead5bad82b31da51e6e",539589718.233555
"b239bdcbfae846bf74791728",737250636.478863
"3b823e81c5378ee3c977e863",432746427.850862
"1b4db5fcd1f92d3aadd5c28f",645469455.93939
"b50a6b85399ea2c6b5c33405",710328988.296415
"1e6176a558f301d81bb050f8",836683956.532357
"8bcc1b035ea93a5192256b37",623485597.154422
"71a3f0980cdfea0ebb869935",573014565.91381
"8cd0345dfac13ab380240b0d",432746427.850862
"e66b2c71519ef8756db69b97",456975912.427303
"c843044c1fb30819300448d9",528360524.886261
"4ae10e7fec364242c88e511b",552355844.208442
"c9e92b994e48df83dcf9976b",807436269.673255
"27f41f09ccf8d182c79cd48a",752321989.066132
"d8a7c0b01bb545c414e12a23",606571007.26826
"f3e2fddf1dbb400788a5517d",593803007.430881
"89a066b7d6a31dd066fa0d32",590797735.39395
"c245bfa6587eeb55227c8a4d",480975230.175888
"500d7c5346ca11ba934e7ca5",672236681.769578
"536fa59adc007df763949045",750255272.159189
"223813dc0188fc229b63e8f3",748542882.388472
"7c972ecb7b90537b1da0deba",449243555.950933
"98d8411005ac05d77cb12516",614918451.68243
"d12c08cf48be75014a149873",663715264.936441
"955544a0bc2eff312e965c2e",751680526.417671
"20488db7a62f765ac8da0a2c",739242968.542886
"3f370094239ab6fc817e9ec0",600663861.23239
"ff54bb34225682d25c551178",663715264.936441
"d0c7294b2184d0b4d0e2fa07",600663861.23239
"104e960974eee31e7e0eac6b",735549814.447148
"0d477acd9c95e9ec63839a53",693363408.369882
"6d255e0026d70dd44229a2f7",599217521.727862
"926cdc0242544bbc850520ff",380826397.680644
"e75a05dc0018f29517948ea1",449426263.62954
"dc40c56571cbee9c2b7770f0",651433373.132507
"2f76a2b53e091df35a125b13",636370750.858491
"a4a49182c79c72854732594a",754542629.736945
"50287f73d47b4cc4c2e1840f",770665540.982634
"5efca36c25884a2822bb7a81",690267170.816454
"4347bf26ecd61ebc7a16b4a3",758966843.272154
"7c979648ab3729b2c0cd2106",771734776.750444
"f40acdcf5cb9925c09c9df7a",629310844.414194
"6ff3eaf8b5a2f16efddde1cc",520065995.596319
"d35596846155e74d1a637d7c",568322359.051257
"a389a1ca097a820fd9af9d15",641785152.144061
"ef450748c440c4958e5db54d",488095354.893875
"02779b92b2f9bafde0c75c11",631100529.512566
"77e5e0b64140fa00b0227a3b",520582756.151578
"eb55b0778607da932c3b311f",488095354.893875
"9fa391febd5d0a8e4c6ecb8f",461764902.649743
"6270356f1cc3dff186d0ff4e",613832959.084892
"ea7d5c601c3f8c86ca8f15e1",450716746.446631
"072efeafd082025bbc5a25e5",440329565.085369
"d8bb6151d30573c7595ee7c0",648468195.093359
"f26c43f2304c8c694c818a9b",544568806.65834
"14ea4a7c57d830eba13638b1",669184828.367293
"c1ac42dad98d2f23dcbf140d",595238494.223138
"aa6af44635b5d51da4b02059",758966843.272154
"291a4ea1a695347e1901bd4b",668075575.565314
"024d2e34a561efaf4811c17a",591078290.831761
"e5a40a555d11d4429b9675c3",754065048.750231
"3a10398b72905bd710ffe9e1",691152112.237855
"340d1313fc2dc8e5b6918262",758968048.456288
"699bf5460c63a4d0e4542ade",844745230.318422
"e98bb3a89bcec8650e33e730",463689812.647384
"5de86bddd492f76596b17a0d",654532083.15609
"95dae083200a9e43a5aaf210",626953978.3748
"23fe512fcb21a0b84781a318",489816998.555547
"a9dd62f527cb0dbfa51aeb7f",534734248.718173
"8964dbb5b0cbfe509613a63f",497650101.958697
"f75009356c700f7da7106cc7",586460160.85611
"6f502f363fb55811478e3b88",621575424.91679
"a48f29071cf207b27ddb03da",709666334.226587
"b46bbf66cc82a4345c5da177",617947953.920801
"a460aea3370926825b0dbc13",742752419.246462
"7a21a8d99a85171334695004",753277619.2481
"279f6f594d3f8ca8e8a5e2d5",811371377.156029
"bc3c509022e3f6104cba5203",824971214.220136
"654d2a3a0e02065560ba2484",432019275.779871
"02a2ebb6eca5772e3526d78b",645668781.418975
"d4646b7f4dbebf9785963cfc",519457578.9538
"68fabddb27fc928b57efcfea",512335643.598575
"53688de79b052b3185fa9435",539706020.810772
"bb962a9e3861b06ae1daf833",655248781.395393
"d80c5f0b8ba55e7cf105d282",608236558.903768
"ed88c773fa9ae8bb29645fbf",623343935.247288
"0c3af9e0e9c80a68acebd041",626252626.748533
"0faec12daf0493a512b2fa0c",719949036.777152
"1807debb0a0b590b9ba4ebcc",608692828.368879
"20a2a0dfc963fb8a355e704b",623262331.009815
"a2c033f497e62ea10ff8ba3d",738825873.600027
"985e40843a30150e6892e4f9",635217728.605476
"2ba0807f8cbdac389424ae04",670387188.346765
"9a565e7220cbc3d5d340e8d7",628467994.247884
"33598222854631e92fb72baa",600623938.334976
"03fb5bfbc1895115a04e8116",498860407.680638
"5045ba9a65b4bce4fd305f82",653397792.808108
"277f6440854cb0c98728e685",647226031.361482
"12c7037cfa63de49e984a789",617312802.766945
"ed9976e922a774cafb601f5e",379462630.093893
"ccc70d1d8e4411331730bd7d",571856379.401321
"30d38a7bab2eaaef1ff6be0d",655511286.488232
"31a6c440ca9eb29acc0f1086",636246337.784185
"7a82ce4b2dcd2b43485f5047",668483888.815932
"a74be48ad396ae4aa33ffed6",986548058.759396
"4ea46b833575642ecb2ed1cf",456612828.710276
"b780a0ec18c61b0760df9433",542928420.379717
"b83a5c303a2b079585b9b94f",587079962.462403
"a3c45875c0834b144f834798",454086142.599798
"c3ae3f44bbae215f7f2fad9b",572268516.716018
"5d54a0a596d49d9f85f1b5e8",753142113.414766
"355d1fb69bcb4e8e8ed9ba1a",691152112.237855
"cd791a46ed616911ae7d4fbd",758968048.456288
"d2d2f335839ed35571b19bb1",754860656.086138
"0823b0dc92805ab05d3f8650",1063229153.24448
"f92f4d135119fa88994929ec",678829227.333413
"401f0de98764e9fdd4055406",503128198.102672
"68a7d01e50462f7506f8c8d7",451127953.112609
"e4434407771070783b97c014",394384546.483665
"7e1153d411af129357ae5c10",398876601.140571
"f409c701e200046f574f4e06",633600234.436948
"30a8b9c197bc42f088d0b873",740828882.807671
"d5abd56b5a8ab8c2f61a07f3",726518927.234017
"805a27aeafb3ca91cac56d14",726631083.548966
"1ee04111d277e8758f740139",802760246.950046
"b9de7d7b9a8ef7c64e5f6bdf",780287652.640046
"5a12a15af3c0585d81ba8f5a",725176426.61151
"abb63383766a9853c1091c5a",767941394.753629
"1f95c205d5094c674f6e45a5",740871232.063263
"4911a6285f548dd30c8061e3",804353825.643297
"0b9730cff49bcaeb4d703c06",759061883.026679
"f033750cb9db15e886b156ce",935503325.75761
"fc7e93bffb7fbbdebebfaa2c",728092395.464573
"4f500afb7f7bb42189820a18",857289805.389638
"3921d7b508fa1591d40802d4",390515664.741363
"caddb9dce27a7e8012478da5",456725275.747486
"4eeafa126ac5f301cf60f9ff",532509169.911851
"59afb00a84b4f2a9ffbf71c6",704545577.658971
"7baa3608aad1fbf357d789a6",753878575.509312
"a5b8869e9cd3d0cc32a0b298",779589895.363039
"d084dce4ab9c4008ffa3bbc4",758095909.283324
"e3ff13537ffb7172336ab5c0",980769389.729284
"1bc2ae31ed1970ba52b1ff60",843576142.454929
"eac7136b26bccb3c5d2b6202",623770407.975555
"073fccba71b28afd815be434",630862070.921435
"9b1c23d616e9407fff6553d6",448568879.52258
"4122eca7b73c1347a7814a70",652755213.817082
"cece8267e60c2461d6c409a2",609654430.054771
"ba4e89128058d5564987dfc5",448568879.52258
"69843aedb25a928097a22a89",396516721.178006
"a45863121bdec787e119b14c",379205462.050135
"02e8811bff38125bcf8e1a6d",403068442.909165
"d709a76487a49bf257489c0b",394437676.08742
"46c42803286c800351fe633b",462985954.138898
"2ae3ae7f794d558ec119287d",585760916.340745
"76991a35e9c1b69e1616659d",591129560.327056
"3de5d35f742cb4eb68d5f314",713832590.387936
"a53c748935206f61751dec1f",513861363.03761
"ddaf8a1e5e6922cc3dee5caa",489660098.65516
"841fed959f036a03697868e8",450247821.887972
"ebe1b5c9471f3441a388f7ac",751671344.283456
"f0f9bedbcb57383511805d17",727341622.447443
"f9402b785deedebd3ddbce6e",610762449.964786
"d1f92e6b18faf07ab70ca1ae",636755837.317074
"6e794276348acc39751eaf47",686808561.293842
"4b04e0296820d04421db5219",647575179.939809
"ea0ca17e989ec57a480aa464",685097425.17243
"cc6fcb8ea6556f676c13a76e",644492731.776517
"2778de5e56ad7ece898249e9",742752419.246462
"9f0bdae4f8609ec93588de3c",890321036.975358
"90dcc3f9428a4e7cc396a15b",619513886.201937
"2d7bf0032580e6b6dd1ce36b",691152112.237855
"c45d86d17d1d0519b455b7d4",598009123.55555
"4c7e7cfb286d82aa96356fb5",852054088.360257
"edc204c3e18368e0a9eab593",741458882.803769
"e789e801fb5d4501b5d64e2d",818700205.602897
"3997c10ceccd2f8c8e43cda0",811371377.156029
"580d8eee8dc4b7d43cb193c7",820986722.803049
"c823e3fcfbf0c43bf2d82586",834734782.84434
"30677852542c78698083d4f3",1268669737.94958
"8fc78c514a2f1cdbc5ae6e1b",617272717.287349
"73c618d704a2e1ac2bc41954",619058809.843873
"4ba85374c1d1f1d3f4632ca1",376685355.739385
"9a471715e4c4865b822a6b77",586478507.739694
"4e9f1e21c855f1166428fbdd",736540709.707629
"f11137d27a5d7fa57f94e97f",688094244.989306
"5fe5f3c5919c0ebd57ec8e36",567833448.471471
"e40742774df7d2b614f32de6",643325809.6771
"24b28522c72f7fc359f2a718",634708619.93501
"26ff1e1f4a6f6bda702fdabe",882532558.559089
"9e617d1fd8a4f33d7b66098a",665324323.924013
"3b4e889562e4078f8f369172",396247236.698475
"3a50d40f15b1cf5bfb338092",555068712.930022
"cb2188cb8e534973ea3411a5",354994952.391103
"fa57f96bc6affd285d10c4f9",394437676.08742
"c0ea6c76eb977d83c163fd7a",403068442.909165
"367cd12d7f4aa93124047eb9",607913320.933091
"54952b5f463c64c605576601",609354183.250172
"57eaaaf24cf82d885f0f1dff",574541874.544771
"f2ba4a7a0765c3ce737b5c81",536291030.272488
"5282c3c48495dc31359e70c6",489660098.65516
"552b01d72edb192663998c4b",795448870.885025
"5f3a1ab21669ad9234d4dc63",641935515.39741
"68f431548c330f84c46174f6",687528492.518907
"048051ce9bf8f6a48e9451fd",739683725.141835
"fa4028ad48fb2082d167989d",727498571.565104
"5b1902dd7768f5144ae7704c",624718440.350996
"be0a8f4be774eeaa42fe460d",715832850.934208
"16263617308958055850aef9",764037676.596175
"729f5fab1578f8cae4fca8f9",890321036.975358
"bddb9388922dd56737d8847b",841171566.906365
"9847a4ab995b7b1c30196704",761357673.361672
"d19937a773269962c7f9e8a3",728838910.499259
"b3c8714dcaf5322475ce2c60",768613192.760454
"875126e5776dabde40e29b09",829300444.946103
"3a36f59d7c0e6c4eb85ca0cd",834734782.84434
"630f00e15cbd7826475d1509",818700205.602897
"434782c3d1dc2b9ce7bcbbd9",820986722.803049
"a470bd174fc7587dc1449c89",811371377.156029
"99c6f87ac92cc323c8caa005",970464465.495873
"ac9ae945fe25a46184057606",622037267.124158
"15d910dd93e0aec22ccc2083",696212968.711093
"6e1a9c8457d3ac6a57598052",637845938.380496
"14e179618d1a44c5c55e23e6",442027631.764381
"2b8b979cf1952fcedc63ca9e",430485974.717218
"7cfc3061c0b2f3bd48375ab9",510298360.84177
"7200e3ba2013876cdbbde972",587794492.361961
"9ddc1924043ee8361201b39d",637729212.523766
"f22d6cc8c9611a7c23fa8969",525955859.101944
"b7c0a0a4f5c5b986a70ff249",485322874.843156
"adf176b63ea23e08d252b5ea",588275201.640543
"77069fb9fac6b61aa6a89ae3",783051258.376385
"7f0f27f6d30c743acb3e867f",716522285.56437
"7e299fd8c2d53ff1cf95aee3",617988803.735884
"f309733881a4f89d9c8a8958",644388797.130066
"0f937643c067371018c8deee",700842114.111046
"8e35609c1265ddf59e1c015c",745716684.127237
"c1ba606f32ce0337cbccc2b1",682053829.88728
"15f02dd18da12f4d7b0ac2ab",574556187.95141
"bcbe8ed608f233d5ed7362c1",843087084.452982
"14611fccccfa2a6499b2acef",471494876.065271
"b10b428245022d55db248b72",368442953.203641
"13e6c5cde1004803fed93cfc",442027631.764381
"ba31c38eada33f680d44627a",726673692.317902
"3786daeec4a4fb40ef07d8e5",638842794.523159
"7736ac030d8b587f44f7898b",697743905.90939
"98f89d21e5dbe53f8704e745",765676407.827398
"981fcb79db3881259eb303bb",387912733.922749
"08bb88dabf0070f72a801a4b",744532632.860752
"32d56542ab5486bdaf4466fc",545338410.229508
"c0f911fe7ee2113ec59cb5f8",608073489.12272
"3adadd50e603746e5e4fc082",676943152.172027
"d117e9672b3ea0435e7a894d",387912733.922749
"020473766363019ee40d6685",619049682.765954
"b04d16faf40ee02eda59a9af",387912733.922749
"bd6f3819a1c0e551598fb9c7",579688243.260845
"5520cf373444931ed8630635",618987218.766165
"40355fef059659469e16e3ec",579517093.054292
"deb844a2812586991b3022f4",626253823.621844
"ac0b895f523b53b4abd013dd",590971329.031973
"ac208e250f5ae3e5e1008351",529581301.678765
"0064cd1c55914cc8370a096f",366641681.900427
"165fab7a9f8dd404cf4e9d9a",399812740.512749
"df3eca0f59974a812b4ea9b4",867768992.349008
"1b7c062b606d0560e850a2e6",380986914.821348
"87ddb3a17b601cf7c61e8c07",553507064.750866
"837cb6389640f3919bc73e9b",607965846.547542
"77bab76414ecb20888cef7a1",735783379.357059
"a9268ef5b7133cf6ed1a376a",777591372.398717
"cf7cbedea50333cd2dfb0e30",669184828.367293
"b0cfed2d25a5d78c96d39d20",818183219.96663
"ec0c283eeb8db461c20af1d6",651503459.151812
"27c3b7ba2991e7bc0c9fc322",543818637.537875
"0332c7ec0d3e547ec6d61664",619619946.199798
"e58b92216ee6438a921ee0d4",618559132.697148
"f7959842378c94c9f620f561",424255859.457727
"cd0236af88ded6bc15b49eb2",697743905.90939
"d40e0c2222c0debe89735e88",424255859.457727
"2bc9bbe0f0216ed9d865a85a",648306008.080409
"e9bbc31499ca187c6a492175",616747780.014376
"f2409d037bc8b3e63ca69fd7",765663664.30598
"5ad71b7cfd356a75021174ab",410118673.621613
"67dec8c47ad4de9605d56db7",553507064.750866
"c6d679cc07ce4373197748a8",792655036.188553
"a36ff3637b7d2b1c52999ea8",866086988.667412
"3a384d68b7ddab45e01b6e99",617953162.272028
"42d34ca2252acaf6e777d23b",575246177.615661
"c4b2a42a8908cc35e649fb16",696346864.106392
"18c38418824075acaad8f960",548496399.952071
"85bb6775065df76bda33f738",590927968.408865
"14cee0bdd9dd5537b96d0786",650711816.200871
"ab332133aca64315672a7192",705992598.002308
"d53b60b0f2c65918153ca2e5",439125632.029421
"ed1f81648083d4d2726710ac",410305837.264921
"b6692a933facd74b4b11569e",418763689.807314
"90e00fc58569167c00fae7d0",392664837.599237
"8a514fffdec277cd46c7cc71",450716746.446631
"7f0b4b5851c77d78805320c5",379679629.504859
"fed1a608e3c0f2b79cd02ebb",432335727.303185
"075a5474294e25da55373a09",442862226.51567
"8826b9e008064cea38855d35",379679629.504859
"660eb3b40b2bcd07df8f5c3f",481441531.083689
"d55cdfba22aae78b6fab5491",449374042.579486
"ea6e83dbade169818975e5b3",578299683.024112
"dcac44d3f8024c6ea1632432",582000097.805469
"2772adb268cffadfb2917c2f",612145739.308496
"3192bb7190b9130c4e67be4e",514238617.940687
"9d892f73b02f001c2f715607",566000440.709589
"c27d72aa1fc5d37f4cc105eb",565476610.713007
"6c0ac32bc8a66844197c5fb4",569935624.679511
"52338f4f7c8af6c649106a96",636370750.858491
"356815b8ffc300fe03073b7a",630561630.248602
"22c780d56cb97fc34f29e9cb",600850459.05045
"806907598158861a6958388c",619552343.500116
"449cddc4dc3ef1e93b7f7c26",601483778.431387
"b225270821758e45cdead76d",620030867.547405
"e07bc486c6f5541e4788f83b",772526673.15493
"970c0d4928a9292748c0fd00",761951989.49523
"f73f720abdfe4b5adfa2bcda",711971695.055892
"48d3b0ef6e5f999bb90fbfc1",707580799.49328
"b3ec2f8af6e9adce047536b8",844416043.931791
"0e1c66f843e06f14d7264864",743201069.886989
"91c4f018fc7939d150593935",846667425.866363
"102434eee07ed18268857a9d",637910319.742677
"a4c70eae507d630c2f285eb5",780103294.093686
"45abee1de734dc32936d0b1d",690318340.390475
"82bdf442e186baa829e06da1",699363043.901693
"019cd320e02a64ba3ba9a37d",746750689.871897
"ba1b3c8ac8afafef56233c84",798379158.841463
"3c3a0f57e030472879f454d8",693940925.878061
"d520e90e7d0c44a6b8852e5b",748671732.098159
"38328747d2e1e0e568c05523",707655912.021906
"659e9ad0f593b644071cd850",695848579.246608
"3e6645f2cd377ba17ae2e46e",698757936.486704
"307eb683db84db535106c445",768980068.892972
"26c8961848e3a77d98049638",676266007.972817
"52373e15e9dc1ad371a0c090",678696274.701161
"e5b2a446c12222efc187e02e",778925071.732337
"156f706d1d30de19f7e369ea",624992312.373319
"aa94d2ad36bc0e91bf561be5",850649287.156628
"8ab41842b8e41b89d8670ecb",723874667.360191
"b19ab02a8e22f3e88a26031b",758966843.272154
"a6b1ca7a4e91c4c0f4366984",769769339.655264
"a277d5e8216fdc3d7c93eb2b",770868188.167504
"f939b7271c4d399a5e647f8f",761575194.558201
"941392f9a135909273422dec",885577230.089367
"e07d8e9e38e309958288a516",875843287.211749
"258f10f742fcc835d53063cf",901477685.785972
"fb672b4cb1b66f2022f36a40",896083609.638729
"ce9dbb6d009cbdbe654edcfc",930094152.721039
"22e524f1fab17d5b8616d741",957317553.504692
"7f0d874df9235245f47b04c3",851059930.219596
"27a8a052b815998c771a1f55",957317553.504692
"b80593fba07e21f8bdbc352e",946559422.273541
"d18d990404e7fd07424f5a77",491537448.420278
"033599f7e7ecd8d9c8cfba46",512410967.100646
"51cf2fa527c3db62914169b7",572294919.197274
"2b2fa2ed0055a19859e78446",607116063.055569
"a8e1adbf076dd737c079129c",605725462.765675
"adf948af7b24f9b6f29610cd",367269102.107375
"23473bcde48f634641769e22",399812740.512749
"c90486bba327ede32dec60a6",454616602.665696
"d254d88ea0989a609b71fb72",485111737.356463
"2373c595d24a7b862b518ec5",612380231.406846
"ec401de1c0ab2dbc149da048",655721067.922734
"17c0a8fd3a2c8b5b18d61e4b",680204047.311539
"1a1016e7a96da2237b391be5",658502941.404433
"c5b40b510bf7f121c93a2332",774265436.63976
"aca37e216a27b4dd5337df99",776317588.578401
"96f59167d17d1c99f31be997",767567273.76825
"062b36cb4a87cec372f9f91d",746204059.238651
"0466a7e06b152c1860d44334",795448870.885025
"f44726680d0c594a2d430bbb",851152054.081336
"8aac8946e7ae5725971c5557",851152054.081336
"e1aa6c46135f4d1aa1b7a1f4",656098030.982827
"fdbe5801070756d1744211cc",579820994.13566
"6ec4c88b8d3a16148e2e7348",764121767.80608
"57c87ce038e4e523b4ec189b",678683936.804844
"9bd500fb24eebd53d8262b62",764121767.80608
"85a86e01443aba593f95dae4",651311953.390542
"13e2ec0a12c8a48a753b85ef",405061862.948596
"b93dc01af5f49e6dcfb7a547",413951056.697711
"71a42155184509caba01a1dc",534280720.932209
"25fb1c0c4aace859265de172",690318340.390475
"6f63e4f866bda86d5c993c8d",501480418.016568
"72bc42a5c73e7b1f9d54c835",688454452.171794
"c06f36b42021a1512cb6e3bb",618987218.766165
"f1a7fa5dc1996591ff97a34e",547665761.443568
"6128a8deb1f0bfbbf0d67769",586384072.500269
"b5254c6c29b4f6984d328216",553291141.240153
"6cb19c3e491a60bb2c166669",648468195.093359
"dda4ee9f3811c29e2b261a5c",748671732.098159
"7a564ce9a4ed3d2b8fbb1103",690318340.390475
"63b982fab95cd17211a4a58d",607995250.575365
"5272c50f1d8fded01f7fb0e0",593017949.922315
"02b47e60ab77588aff6cb433",477388099.370315
"ddcc7f7a087aa5f4797a8a5d",727408446.517103
"77a887ca508d924ad5203194",611241690.488999
"b57ab7afef2b8aee016ce6a0",596976511.601812
"640a801d503d85835eb65a42",591078290.831761
"767ff947b16b2271f516c28d",704670841.890788
"1dbb46a250f504e9c8673bed",775355752.184519
"fd6e9c9ed7679485dfd0b022",630398094.120737
"7dc4f9de14c2924b229ca0a3",608461159.563312
"3064379f468404110d594c87",622144165.515906
"6005ebd6442c62f8becdd2f5",748696081.638901
"b62e960eebdf95c2eaaaf9f3",662053160.780703
"7b0258f1aaee97661c34de64",653634394.960157
"91e2f9f7d4ed776d38a3274f",633899734.931919
"d505277049a254f960e114ef",638842794.523159
"32040dd7b8edfbe331773288",651503459.151812
"70e427235490d7d9c9239676",595472812.592221
"1a2aa38b8e18fd7ed5be77ff",818183219.96663
"4883f7ce7086ba9c8ddd4315",662512274.127424
"4116cde03803e63a3e87e847",660743473.718091
"d6de5d741702387dc3f4481f",673268548.206585
"2346533f4712f3bbd036d85b",630548416.543633
"f6a12c0f02fcff1be042ed0e",748125079.791037
"eba3cb8156e0115bd7dfb525",731314067.847327
"ff27ae490bf03513b6bb386f",778633532.403345
"e87779bf2f8af86fc4ae9583",402853770.604941
"4a809b3987cff0290c1df8fc",416911949.520744
"8f4241a17d1211687bf232c4",509375321.780077
"bd8c1ff6f9919ec6f1dccda9",478271852.224188
"081e008e772c6a79b809a87b",685449939.426373
"0eff08cf4bc42dd442a70231",558429324.502723
"b4e084d14962cc58d4089955",570545973.901166
"d02c3b5ac6fa0ed6db06e490",641935515.39741
"e8abf103cbe9fecbdd758516",570545973.901166
"05308c4f3d0e0887e4a68a92",641231124.274894
"256a6ba3ff423a899229f154",569652383.651849
"097314d920292b46eab5dbc1",577273294.249221
"4ce0fcf14266d144c82f8d4b",607666758.919482
"548791b5faf236b1c03b7523",653478441.303523
"40ef1682158d0c3cd07f484b",771037017.718792
"7b473504c85e9cb576f951e2",749151015.226898
"730c7382d76a07904f559b28",415555124.271788
"e05598d3c49f409b937ff2a1",560798355.486902
"844dc89fe6588acccf0c7536",403766442.40878
"ad1492590bf61d2cc83b493c",650846830.44758
"88fce3ad9b8a965dc11336cf",403088705.930016
"b76d853ea415967415ace0d7",757665017.29863
"c12c81b3eb12bb329466e88a",761521144.910004
"4e27458d179a469435d02ff4",632553125.082074
"8d15b4bb1447eba7a680ef47",620294885.651404
"482c7150c7555cb35558398c",692689972.690293
"e5d6be06fd53d317c8e5c7c0",538789393.518299
"f798e7105aa8aa66750a2c85",683491964.572633
"eb24e0a0ebfbe16eba466280",679281975.321849
"618dede0dbd48df4fe610af1",731536207.874312
"6fd936b82bcfd3cd2451bdfa",545142549.202508
"adbb5c4ba7be2903799a51b2",644507084.682284
"3a99197868ce338c738a3b20",647520426.296794
"d4c45f35f214fc226ec85b36",684358748.873713
"c3140ab2134de662162af508",377925849.755038
"0fe23ccd8e42605f4d9f78a7",403090245.67197
"8816e8101ddc4e704053e23c",585760916.340745
"64ecb100d7882ddec6bafbcb",504041792.045747
"9151a8c65e1f01ce591c595d",647520426.296794
"c8a40314be3014c2a218f5bd",483800373.735226
"29bd4cbe11f44759e07487fd",495542971.335337
"72ddab9ba5f24941e4dbed6b",623505111.313263
"1f18df9ee1b19359816ed13c",704656474.153062
"fb82175fad61a81e9b665fd3",618482961.965881
"dee2e190c4e2539124ac3ee1",635395567.086438
"0cc2f3a49dd703e7554ba638",633717844.10219
"ece0394e38b152e6c1571324",970464465.495873
"e14328c988a27176e9fc63af",539412246.903316
"a91664b9f15f9d6f262e7b2e",715074824.805643
"d54270fd6b09b38a978cd7b9",680844068.821608
"40c74dec061500aaa78f78b7",444368413.82676
"cbf6faf7b47b43b2a77b3654",634940594.560062
"52fa1eb3cc7cc2f77ff98764",517795278.048593
"bae512bdd3b04405c519bf4a",730441431.278817
"e7fbff0a25cde72a38e7c7bb",565525854.569779
"d3f297fadece964afe5f1cc4",676888291.930512
"2679ba671751ff16e76f1807",605642476.712152
"8059e45ca26bfefbb18d8e40",624939389.193017
"9e7ee8e17b1e76965e96ef95",654130790.900987
"9039bc918a76e486041842d0",693289079.512347
"1d7912750a5e345f7edcdcbf",570371361.530172
"4fe0482ad622080f55a0460f",668029000.200621
"953fd7541735fa8d9a342642",769195166.711871
"0b3021c156324d1e7974ce3b",713202349.93597
"b0a8e4b4ef6678e6b43865e2",748280880.272071
"bb47fda808b52f30364a4d6f",705894229.798544
"d846dbe691d0ee3ac5c3bec6",852365430.632163
"21932b5a5fa65d237ddb6293",705894229.798544
"07481a101afc1d5db45245df",1011352764.11391
"d99c00c516cf57b6fd9e877b",429544892.76511
"6dbb494acdc64c03742fa730",789368644.580827
"35f69c7a9870ac62735d7639",741432589.180401
"2721f5495ef5dde16fd29cf4",640763697.721267
"0c068dbfdafa3429c71189af",411056753.562708
"f3293c4064d71f9322ca97b2",657646816.650839
"5eb268b95d7b6006b064f9af",672731092.859711
"e13a1c06ccbf814945dbc768",601032154.302855
"935a1e8c7e62ca9d3bff398e",651681986.525983
"f0c7ecd3b2261873d3664748",797455017.63642
"d2f20425e236285124eaebad",527975026.714121
"05926b977b5df59857194ec1",668873072.534753
"f548ef815603ec44f4629a60",718517027.721381
"6cd147720319f60ed2599361",695325185.216016
"6302477fe8172d08f3b4815f",458468381.344628
"b0af9b1e84a1886489d46b91",546290790.628873
"5f3a2a31f6d1838e0a9531fd",695511174.507218
"96786aff35713dc21f6bfe5f",679155657.85958
"68de232e27aa83405b4a19b9",700977518.547902
"8d252e9b0912f09703110b81",457173640.989373
"f4e646df504728ee1e6ad0d8",405050226.236846
"e89cf4cc82c5283f3db6f5f6",449215601.53669
"1bc2c099466f9a989266be0d",386117707.645029
"bef2008b362c4af1fc3be566",409419716.361526
"7988f76ba063d25a4f467730",526352002.924336
"391a98a344e894c6397d62f3",624329619.996646
"5ab0b8b0d6d93c4654b5cc14",677938507.781172
"305d6abea2f3e496e3b6fcf4",730901811.261848
"f512fde4fa3f1f7fe885de83",645203198.952629
"c7b6e7a287602275f7854ef0",634502955.061022
"3d11a16b008c26fe43deca03",670387188.346765
"ac7f21d22d013874c362d440",736484709.546976
"c933750eeb53302db0245782",603863588.720651
"766a8ff17723a5c34324576b",657947928.195444
"802fe3175a2059f12d7edb99",462331201.522834
"508bfd077c80b6cdfc5a10e1",594784041.559361
"ddf8733adb641e15837bd728",643118154.971181
"17914fbe0c3634dae8ce9d71",539531266.261413
"09e4397bf9794fe24d87d07c",645485693.853466
"302918a3460b98acb64fafdd",592977190.462738
"a7e57a8be8fc8d8a844cf9f0",601952119.357397
"7b50b071f4d795c9b5ad7531",541550440.855681
"91a7bcd95c0c960e4cc22d91",648306008.080409
"5d4a23137173c0e2288ec418",557169850.320824
"751ba0c00d4fae1078c02fb9",574556187.95141
"e6bc998ad1d87c5be3559ab1",572679152.141413
"53aa9cd32e2a6aa346d3d789",572679152.141413
"06f22f7a8e4e78f45ae81638",614403456.269132
"2105c17a4e2f97183e24aa4b",681991694.385708
"ec13a869c212c39b6ba21b57",614704631.066254
"0b49dedfb53ec812962e31e7",708853987.642847
"69e6fbd4d3816c4cc37b265a",758095909.283324
"ad46f8bd482500f3bb935737",680027797.032544
"368f7a70a62962bf31ec9583",762432215.996377
"07412230b931192771072334",759102969.05108
"e63d334d9ae8b672dc7b7d5c",762432215.996377
"3e1c2c5b0831edf78f7b7082",759102969.05108
"226277c02e8532922a1c769d",837476064.087275
"7902ada9116a1cf7458933cc",803846138.057261
"b21f6e217d6733230a8eb7b7",517340928.607282
"09ac622c303bce9ad5514442",399926917.324779
"ea63bca8e3a77fe88d88fafc",518787645.36297
"a3c7c54fa12d5b57dd997210",587079962.462403
"cdadb2607807935a0a5597e1",653299839.436835
"8d041784b65d33c76e5245a4",690201488.009728
"e6807209b634455bad257998",593526027.957561
"b1e3f1efb232cb0976506cc2",846198048.171137
"dea95d98e8bff87b905f9172",754987056.00488
"44b6382d9195ceb3f12d4939",765260637.330272
"41f33deb9990562def18c917",916293725.958427
"0a61250b2c208d42a3077bde",619058809.843873
"c714b30713eb7877ed3cd92a",409025175.203338
"bf120b883bfaf7641eda65a9",671958201.346059
"90b34ed38e0f18988f11d77c",643952653.610028
"feade1f4b3b06fdc12ec213f",748125079.791037
"00bff9be2d524083e3b3149d",641231124.274894
"f1e38e53ddb8a9d5b641d934",817541630.458272
"49dbaf0bcca86f32f86e641e",686857107.514981
"18539b6cb6884f753e0ac18f",644507084.682284
"7586a79a0151387a1c0cd85a",604332655.899523
"d533a334c2ad9d510865fe54",593125693.018611
"95f7bbdcfb59b4cdb41b0394",645203198.952629
"4a2ae08359e1ecd39b43afbc",518432540.121863
"e8cf39cada5b7755f60306d1",804353825.643297
"0489a476b376f7f6efbc193b",391514186.480029
"7b31b5e53015f8116fedb0c6",604669747.520203
"4c0892a39011cc6a37fc1145",662238097.529362
"92d7d4fa9fd09075bec14a3c",584812299.775671
"5e5ea93675900efebecaa19a",593235381.275268
"084de1226de9a6f4a6075c2d",576802789.379356
"54f16cb9563346e15b019102",402959777.349485
"512a6de80962ab797ed2bf72",793193119.734858
"871befe27fa79fc1e1813b19",821331037.831035
"4e0b1df5e05ac505c701f519",522187263.761045
"37227e66adec69299f853e51",527061627.456774
"0a0e3ee960f60d04ffd6bc0a",868804232.170837
"82b15a5da307865c7045dd56",624102240.878749
"44d596fa36e3992208292ade",502537393.435554
"3569024b3ae4865240973e6d",722883211.091728
"31d3215c8345d48ce9734c65",519158555.36516
"147e7f5381d3c951fc446376",636515253.979547
"77deea164a3a622df41249f5",475205704.753825
"3cdee5304896e4cb9604ebe3",573777246.118516
"f5418917530b72c9fea14f66",603863588.720651
"ffcbce226963f10da8c53fd7",618782340.150362
"2fffe55a1584619bd7c489f6",657947928.195444
"3920eb3f72b96fcb58ef778a",400489468.344414
"d10bdbfbd411ae625dc80611",730056488.551942
"d61ac80c0d4737c3529f4a2e",567090544.369777
"f8948886cb4cb018eca25d19",632048957.011852
"da5bf7f1c7b2f4ad670e2382",443560942.598161
"f406c9c3c92e9b31310a50ec",675904906.62475
"171b560236ce760573a990fb",742390786.407291
"4d852bd93332172bfb081aff",742390786.407291
"2e1f7569d134a931098a2ede",839474973.252856
"6d8d2ba62c52445d78f687ed",690750547.623861
"65ae1a893abdc2eaa63d9271",617272717.287349
"c9c51c39725d7df94822fb20",469986235.417623
"56ddb54e50deaf650a25e82c",693224804.02101
"aeb330dede55fb66654901fa",820986722.803049
"4f4e3350c429c6afc0bb0094",795226502.387236
"39377d0d271da03ad85c7bd1",574541874.544771
"bda2fcbba2b412981e708054",818700205.602897
"eb89d0b7914010148e6bb597",619676522.887713
"513d0ddf1ce44ca671675fe1",685097425.17243
"14cd5f188cf6d2433240b5cd",607913320.933091
"dbbe0b6f5eb07a5f9ec873a2",635069789.428271
"f9acdd3fa50068bc0180d008",454831030.013309
"4a85c36fb854e922936b57fa",377187626.695292
"937876bdc44c3b8fe063a9aa",469986235.417623
"001399d3861c5792ccb8b515",811371377.156029
"f28514aa4d6ffa36104411c7",628921866.490231
"3b185e3e31f7f5e6a1b3193c",570976896.245628
"f4c7cc4a249ae7037aa0b35e",783611093.314532
"b74a02ef5cc838952bb9afd4",767847961.424503
"75f5aff9fa70208ddd843779",642512161.472512
"b7273cac93fb7a0034039600",771630224.114037
"b73bcc0cbfa173c9fa404369",762432215.996377
"3c4c18326318a7207b589dbd",699235137.075148
"29a230f7dde5753e65b661dd",475496300.951374
"c083a5c64c4d6952accd7bdc",576815411.484733
"1cf29f882ee8b458b8f27091",621428170.205857
"94c15574aacdc5c3cf5a406b",552534776.559574
"661f7eaf134a5b142843368c",664121227.875721
"14a5bf235097782f468fbf23",411343204.502802
"d2d46c70dc048c92c8e4f09e",763256812.465512
"f6faf74c3f4e02a6b333b7af",606172734.219081
"6dfa362ff7a0d55693793db3",716824166.351059
"b070e3747bcf22ed67509efc",702101171.94628
"7333f19416625d6f4244fe02",639416349.928975
"3c86651d9bbfbb335f15b544",762624315.436506
"9d8affa93ce4dc7c1a21b3a3",742752419.246462
"eb8cc67810d95d1b102410b7",764037676.596175
"047f94605add5f6f84fc3f90",705966966.55924
"56ba332c82c36f07ba6bd271",822645592.950985
"5814a1dd61362ded4f1d8d8d",884601875.183289
"141ac7bbe9637f9e5142135c",696212968.711093
"08db0ce5cd15db2404ff3d28",374203132.64526
"c38677ed0876b7996f596336",427617714.088492
"daa4d7da8d7df8efc1adc9d1",465467773.996834
"f15c6403c6d4e3676a607780",505712022.549721
"4d0cf77f8cfcada2265ac585",566676487.942457
"4caab3951bd6cb6dc71ac8a0",553507064.750866
"7cb64b94877a9361f20027cd",575621078.04923
"3f438d6202cfd4527bd8f983",544568806.65834
"b7763beef728bc2021ebb841",531240478.281233
"4cea8ea969dcc433fcb59d96",638851258.416133
"24fadbd1dec637edb728baa3",670565969.106047
"63cf422266e7c39a6c895b3e",626096398.804913
"dbaa5d47ff63125584bf7ac0",664260449.614666
"da12ac932dd8a2fabade4bdd",747686723.859912
"f35538e95b4a567f9b834034",722388747.167875
"6ee1e976768b68cbc8008950",628556034.028073
"a910019b3d18da92b4c6862f",697326908.268108
"a09413ca0b723170c26652a3",683568648.201687
"2b451da55be3683c33e4de31",776757192.518441
"561840990333852ace562b82",747786930.16397
"b6695af1ce28eb50d7a2c25d",779795371.972489
"9327563b40f2a0f888c68f28",608491060.302157
"3438e5d77044f21743e56edc",698302716.041269
"63cde4fad1be942dc5ee695d",376070976.531408
"8e712705b7de6e791c8735de",484892038.089782
"85de01c0aa787152c77c6180",611959296.771712
"c9b0673becdedeede0209697",703117243.76803
"15ee6357e02b76367682d6bd",641935515.39741
"5f284a75ec8e9c72abc76695",751782812.851727
"37e696957da15625da71146e",762182867.041917
"96a478c359fea0014fde607d",767514955.10721
"1a61721fb7306d55dd77b6ba",767514955.10721
"a7577260fa10bf408f1997d8",745478490.081123
"b3f8ffa761119a5441a44ad4",834734782.84434
"a5c85b445f503a56e0e2a924",926230357.778711
"5aac1a1d5da10b76ba4b690c",912422563.935964
"1420543e2eb5f38e4d38ba81",690750547.623861
"a530e3ff6d7bc1abe333245d",545142549.202508
"aa9988248c7dedb016d8b6ae",679281975.321849
"fe8ab5495cae81b5478026a4",653634394.960157
"b463c62e3c21e339e7acb52f",619676522.887713
"00a5133e7373eae3f0be8f2e",476411922.81987
"38b424cb0e54f0f7f2745781",659146648.599585
"c43530f324a3ac90f53a8849",684358748.873713
"abf93b2418fcdac14293c9a7",547665761.443568
"9b1be976725ddd512cd222a8",624718440.350996
"9b7f17ddae12105d47fad7eb",672842561.427983
"3caab5e89722761d5ab2498a",471494876.065271
"a2f40c8227b466249d6cb659",817047837.230593
"e6a5007ffb7c1321d4fc21a8",491901831.271369
"0d50b435188b7830a6949026",642017601.476697
"d4bee60a74c2e2235f507ec0",621293404.739646
"b474103c4b637ca25b5d89e8",687721979.200913
"ce6ddb82d2ece3b8d58fcc63",748712468.218105
"28403f16831effcb75471738",386580554.444946
"03f518e2e5861002772345fd",451396797.254716
"011a6d0f12ba108ef15076b4",386580554.444946
"93ac0b004ca60ea56cc2bb9f",443566757.487066
"1b70fbd3e46da8c47c3eed61",540884332.386235
"cb40d6ea6a1eab77a60c1ba3",496891020.229199
"87c73db5d50e8ec3a22e6ccc",504085452.24103
"9aea45bade274e4ed91ec301",605941213.064504
"43c22bfa9a14df7b0126c12e",535086062.239538
"6d848e54ee68e6d8f23b3b1a",565455746.509393
"e5cd7a2aed48057b0dc8d970",627264618.073833
"bc4b94c892fea57ebae3eeb6",569554143.73037
"e7bb12e99318573a6e6ce1cf",613829713.724963
"4b52ebb0f0a8878def4170c9",603786816.242882
"3e85b447edd3b23b5a0d3b79",633358828.56388
"15005fe7eb24aa25b9e3cee7",633899734.931919
"22e00f8057294350ddf4d42a",681692151.535272
"ddf2583bd65f02abf7ce3280",664499401.289762
"704e5657734af93d19a0e5fa",623446779.564206
"cc1a11362066152d21d4cc60",811347390.331075
"12062de068acd322b610fcf1",690750547.623861
"e9804af0513b2f68daf182b3",613244380.36742
"f13d8f4b2e3114d71e5ed941",768838866.771843
"11bccaef3431fc17953eb81c",728196372.078502
"ef2b9c11f884cc5f31c26f60",765676407.827398
"25986c851e13c92ede6c6d6b",713767991.748908
"37e28ed39a51956880d211af",751820141.749563
"9530217ea0b5d2395adfcc9d",830760393.173307
"d8607e3261ef1546eb0c30f0",760386230.171404
"22a025ad47ba22ea9fd1a094",655949852.133226
"1c88ddc21f3e8e4ca633621d",377531946.942914
"e45ba581daff88707ad842a9",481350999.865894
"d7e97cc158c6c54b02fe635c",545142549.202508
"04bb7cdebb8b66e783058248",584038932.370212
"d60cf6dcb7b4b40077536604",630548416.543633
"85ceb648cee9f6f3d221254c",619554825.477772
"f58528d3ddce3bc6c71bfce9",649896266.983471
"c269765ece36cd93058efab9",717492262.021093
"919bdfeb16dd0bf67787d53e",727408446.517103
"ed8eacb8746dbcc3c2ef3aa9",604940954.924398
"15ec532ec6fb73074b9b12c9",614423156.946138
"58a724e8a0e05140b07539b6",748125079.791037
"2b7a5be93795a65d29970b02",743123601.106851
"6dde9af12b6597425160a47a",799332357.539387
"f0ec99c13c61e89310ca9b8a",562117023.148968
"65c83da72c07b8e74bf581f5",524575835.570679
"3ecdb7a7d178b48361340ea9",509034602.57382
"af22669e3ed10470623fd8eb",782622349.465434
"748c981380925e1247b9e64e",597785933.531978
"78ab6cb1f62a7e781d4c4d0a",527947845.052994
"e80ba06329760362c7685ca5",454086142.599798
"3cecc0cc43ef46670a8e69bd",585406801.188739
"527e4b1b06637b5362c8f17d",529899808.724961
"cf9eb2cd0f20b13cc8816bbc",623843613.605406
"4b3a6baf8196a59bac8c08c0",620677307.34056
"9bb9864a6bcff25b17477717",539605232.495697
"4f7d630c921cff500705ee5a",622356631.206258
"7b7c0544ece4aa383fd5b4ce",666006338.193035
"191094739043620c72aad2a0",639806880.967789
"a20435d582c7646db231e7d2",634708619.93501
"1555743ec7e2f38904852860",680204047.311539
"1c7452cfc46652a60b7a4f05",775355752.184519
"97439d5a82f970e7f50d51b9",774111933.390424
"7667cd57d0bec809417c9b11",784916785.001966
"103f6eaf04b44c4013acf097",836709563.925808
"e6ef433629e193042bd30f4d",768803287.649364
"2ee7f959d069c9ca223115cc",831534225.300931
"b46625b69fba1afc154471e0",1202557679.94023
"5cc0700421954934cd8dc445",800434095.714832
"066f1b68f7c053a196662fe0",798981996.972315
"645e1c7b799a489887086a1d",797455017.63642
"f426c41d6d8bc99f359f480c",574505000.115489
"d1be4eae680cb16d0c842606",718517027.721381
"57a5f4f83a474ae156f207ee",672731092.859711
"53eab0ecc3ff098d55666699",737967910.131191
"54022fa49ecd9cf290aefc89",694491200.441469
"545db4962e6294cc5ed07727",624718440.350996
"8e17bc9f09099ba3138c232a",764037676.596175
"3b4b303bbeece313f92cb85e",771660249.365429
"d0119d7bb15452c473ed28ba",673119388.905189
"1a36f98c62f5126c8064314c",795448870.885025
"96a77e8e42d676b0da3fa572",640424327.174985
"d7d6f668e3e40d957163276f",569581887.456535
"5b908b8abd8dd0862440c172",662491616.419562
"81716dd4aedf72a6a14392e4",501330164.853743
"47d252717c4bcae3e1ff19e4",711943063.094661
"4f0b2f7e4d787a108a4d2537",489031213.659187
"90a43053efa1d292af692a87",535614756.274891
"c3df4b9fdaa4dcb13723b5f1",645731448.246908
"4b905620f76873355d317dc1",696237764.919481
"ea16314310144a10c81da9c7",585977450.621196
"0e5db1a36a521a5d2912b238",521063264.406015
"c53c58dd7b26902f67c3becd",363859468.455564
"6c17875f20f58b1fb211c18f",590433945.556607
"200020552855ed39d1af999a",574624832.806128
"b44b862cbd855d46954eca5c",577773098.951046
"ce47299ee877638c4729f60a",562180923.905082
"3a28bf9841e6a9d3f1bc293a",641309226.862749
"3a488b9e24d9b8fc7c222e20",417206821.918609
"5469c33200ffa87952b356d0",628854294.830073
"b57174dd86ed451448dc501b",374817760.541623
"ebe09efa32acf6d680341840",504645987.027308
"33f7d5aa494288cc90d60456",634556117.524077
"de9a32ec454c2696cf75eb0d",428434876.053903
"df4400c44a166c851ff46eab",520600268.435723
"5dcc8f6a6854a864dcd27a87",533209026.429541
"bc08ce9f24533cd644ef08b8",550598465.371264
"2935cc0e053bf558a8b73054",533209026.429541
"f08001f2590d7b734467c58b",607297602.564745
"5a9892659590355b91442979",729778019.645327
"ea34dfefac91681864c2bfe1",572466026.935062
"ee3b5d47d05a80c07751f7a1",683491964.572633
"448ad01af4c5cfba3feeab26",683491964.572633
"bcf43ae0b4b15ae168abca97",679155657.85958
"8ccd326e4f515bf7e817a14a",782262652.715269
"94535dcf38c9c6461a73db02",547178882.803868
"9b3557302e940d4da341cdab",756196409.065733
"edf8c961862a4ff8e1e44f1a",768265124.227674
"6e508fb72f189a4fa91bde58",870675591.944352
"7d0a4771afb00cf9a38ccb81",690750547.623861
"8c32b6b31d1a1d5736c4df61",878509636.378376
"da782fc0c8a79e3e250f0f67",646777347.165568
"c86e643b7f7b57b4482020ef",539419312.118153
"4632f1e8fc93e268ddeba07b",590707904.450859
"2cd372392fda500e6526695b",513256052.571388
"a05ef49ad8b2d6c466ac7412",904194494.76367
"9f50ed2b7e40847ffd877f4b",623430175.361983
"c00083aa30ba7d953361674f",720587610.034207
"50857161c59b991304f5c55c",619276494.258481
"3676f63aa0ab23ca7cd344b7",354994952.391103
"3710ec95af4702c45f165279",633899734.931919
"16db516a238934a730ced1e8",624033340.87969
"d450dd622183c7cc43a20d70",485156930.344636
"ba84fbef80c8a82895ec599d",764267060.659398
"ee85a12b8f764bc15164dc7a",522973491.290077
"0038a3b703f4ec779bbcfe6b",632463209.222628
"aa643acab634ee591a2a43ce",640424327.174985
"d6438814f4ff3853bf6cdb13",758968048.456288
"a37522af63bbed2f4d10900e",690750547.623861
"0b715ccd3b3e01444b855857",447904150.047219
"fbdb9caee4455e99259cf921",399344364.384921
"b3c02569b8fb721934f51c52",439133489.098457
"c07e2ef0bed4be12e41c783e",469986235.417623
"1b4e4016cb766bfadea42f73",510902999.662523
"ecf4e968c925cf8322f8a0bd",501480418.016568
"6cc0e6bfd30ed93fca2bb217",478270096.484429
"3e7f514983daa92e49a7c87a",621575424.91679
"97a22807207cdfb341d5c50c",589533585.184141
"3f9e95762d2f2056e9716039",532668800.06834
"255c5b92d71a00c3a73b9aa8",587824665.044251
"58d24ab99d74ae4c449c90ba",634708619.93501
"51d1df6e1f28c40dc9074b74",543970180.221039
"16261339c3a99635717fcda8",812325489.159834
"1475cdbbac4aa486266e439f",664551424.57981
"2a9974fe07b1e4427e386e06",698464774.934403
"cf76689ebaa20c70d9db4d51",685097425.17243
"f9379319f992cbadc43b9189",700201277.028469
"62313cfe4272d263173e1ea9",773468226.195272
"b2c62bb0cf8d210dc4635653",713767991.748908
"5d2fd288d33283826210cb90",830760393.173307
"3454ab4ad567d2d22d990fec",651697435.021774
"58be66aeab226c35330d57d5",580711030.747898
"315ea6fbd6b3261cae7fb900",870509375.919165
"6930d8e260fafaa5c317dc82",526657851.932922
"0fa99fd0e8cebb71a3bb0871",453965005.398922
"fba946e4ceea37176170835b",526657851.932922
"b53d4d8d0bd4a0ae84fbc22e",402853770.604941
"8bb1a2ecc997779d1addf12c",402337641.152086
"6dd97377cbc262b07ea2eb99",455383737.443884
"5c50853824c890a5a7f0cd70",475788295.716864
"4c3865a97f5877090e7a9649",611387689.129228
"a3cb2a035f98276076f2d848",603284183.58519
"40d04ff9c405cccfc82ed5a5",571339263.368653
"22caf82aae904c79057fcb3b",587688879.838669
"eaf87358d89af17c3e004c21",706024772.09886
"9ab5ef2c5650c4bd05248990",510902999.662523
"d96e3063ce77ab1235e2ba26",535086062.239538
"665d62a8019b27bf5ce6e6b4",587794492.361961
"56234f11aae98489ae00a8d3",594205892.742939
"76a5158e1a5c1f9fae8ee882",552570842.122517
"d974970034de145d469d09c5",657600458.283885
"7b5db1e4f4f47b4bf7c827ee",491999771.171484
"73ff6ce99ba5dd8cfab0faed",575813346.022017
"e1cecc8f17883ba6e2723826",580295226.064634
"857870b1412b84f0f19ed751",477309013.964773
"d89dff35fa1944191aa9ed98",663943060.769309
"86b89233e0176e034ae3cb7b",683622554.238194
"dd3d529f3745159d9e7746b2",635461603.91857
"af10ec1529a63d0bc10b056d",771306154.319866
"a2645174e4e15c49331f576a",697816941.094697
"311dcf366691c44243b7b89c",746211655.031248
"4cbc74a93e33f7b4812e1a7c",671213026.424021
"6e0140e1d667cecd155c6e23",633983647.035351
"dba6308e2358f30b7ec33f59",682142950.301915
"761ba98d35074faee3594dbc",775355752.184519
"b961220d34be930fada80887",595238494.223138
"c9c3973bb37b5c688a7c0157",679827814.97849
"79a0bffec81b17d606a606f5",697816941.094697
"135f6f92c4ec95847e8840eb",667805034.641612
"05858b1e4445f56f22e1f4bb",668561013.675229
"623b7d96c0fa09e50148aa7b",768838866.771843
"e61e5d3288f02b904d3b1e38",663715264.936441
"0d173e7afc8f8babbef6ae97",767514955.10721
"7635a792e5002ab99ceef583",746708185.502988
"4da93e7126354a474d435a4a",765748812.717587
"a4c71322f79dbbbedab3191a",745233145.896662
"57ef53ecf8b709ddc05aceec",631246370.240409
"65c3e09ee6f1ef0500ca4316",749423624.69396
"74d0b6e87c2045f95fd493c4",757770671.272618
"4a3d0390e005fa5b4c9403f4",749778672.210235
"a3aac701ae444b6d91b7bb0f",748297520.127926
"4afa3a1b63c076123e7a5279",665211617.756815
"c97adfa6f5ad3e3db6b80edd",822449990.836236
"58cdc29143b85386c76bedbd",829272361.757108
"1f81176d8a0c61a7177c6c2b",770423949.736566
"1c2e69465c75fb3af2d57351",829272361.757108
"7a10ffd970cc822108ce7cf0",765150650.571158
"3bfccc757ef82ff2774f2db9",615836518.105807
"3c753ecb3a4f8ce43077a6c1",698254048.040586
"100e9e2623cb0fc52fb08813",634492891.729
"90a269d52e47c1705f9b6cf0",617272717.287349
"34f4df9fce2ec05633d0cbd1",691316589.080348
"1e4fd826fc8693b17f6efc3b",843526343.706384
"efd9d848677015f13688453b",454086142.599798
"07cd866c871333283ecb2d23",782424029.075037
"76a307d6b36b8a51115e91b2",506252980.478067
"080969c751cb94822aeeb755",377187626.695292
"1e37fb708b70b6b5e8fb5cd2",596639976.032696
"4e47d2c8ccf9929ad9c84544",470585760.065151
"3c877a0fbe08cda958ff8f46",767941394.753629
"ae59a0d6441697841d86cfcb",475670341.188482
"2fdb80ee4f9a35663e92b3b2",722632043.710321
"3a513410a390c75fc14b0b3b",408422099.791295
"0616401503f2ebc05af7ce4f",399541536.032082
"98b973c8597d5805f87dd074",513185386.740954
"7063abb555d919d5300af3aa",728910525.382953
"88c4b21ecffe12cb6c408a6c",633899734.931919
"75a4421cced1111492d00298",354994952.391103
"0482cd89d767b3b7de976c3a",401384912.203546
"bda9e5d8048acbbe5a9d49ea",415495852.767078
"2152ed6b2b2eaf16ec272cb6",374305850.420442
"9bf2e0c1bc82010e92da2540",661319869.863245
"110af3c21ecdf156898c7c0d",641935515.39741
"2790ead3eba9370f00024472",640424327.174985
"9b06c7cebd33cd26cd6cc089",690750547.623861
"fbb89795386c14f5088fccdc",755302976.64608
"e8a3d9d6134ae8d631791e52",807779161.923003
"5c535b7d92e34c0fe4b66891",759917599.173413
"d88544e4e85add30aa795ce6",402720346.074543
"01b78983d268b52137e5ac1b",394058288.61813
"25414034e50ca33fcdcda4cf",510942892.120517
"2212e0125cb7f75390020951",650053090.44454
"a4d5ea1b907e98be72b5c49b",736650455.729714
"2df90c0a3e2b9138fe276a75",755532490.041702
"c520b7e8de3796450ce49a30",501480418.016568
"35114fa32397272437e67a54",484892038.089782
"bb5726ac16b4ade709151159",453658095.982036
"b4dc6733589bb35444b74c55",550359039.133174
"3b0b0bb06d95c5ea1aed2d95",574556187.95141
"fb7bd85c05cd74d945d22de0",645049302.809337
"6396667677a878ff61e1b536",689521472.742249
"47b5804ba1a998c3e7544092",714310209.875961
"ad4d91ed26c1fd5702b94064",770210779.564152
"2b802261b8bd839aa0b04b16",755302976.64608
"0bf9fe130da23aea7142bb7a",894190716.89589
"90511f2411d4a37a7224b995",661319869.863245
"1355fdce5b97bb36da15734e",766796497.203742
"775a6affce535c5a19ea5f30",797502934.358927
"e36d70d72c2758d7fef242df",554695092.738192
"2fde05df6a3aa9f57385e6a7",481674691.241857
"5e0100ae728e347eedce5b14",718517027.721381
"a636ffa140f80412f003734d",665829091.671229
"74746d24b9bd86e23338bcd9",672731092.859711
"99c539fecb3bc233288ff905",603786816.242882
"44760087930212643641eeb4",690750547.623861
"2c5d940b5ef2276f1fac1ca5",797455017.63642
"b26f22f1fd5a991ecd1e07f8",632341318.023828
"1ffafa78622c45ea4127ce82",621849744.151373
"32a555016892e7a74d231545",640424327.174985
"8d06037db08d0754bb67da4f",798981996.972315
"80255211d99c72e343b32798",668287412.793046
"070062cd1c769f3be9255af1",690750547.623861
"0451f65828e628c2220df77f",771660249.365429
"d96f6225db81dbf3d1a0e9bd",405275559.228315
"b1527eec2e6709dc51e03f9e",687528492.518907
"5464fe43eded098294d634ba",661319869.863245
"ea37ad89fbe4159940586718",387966508.634211
"4057a676e7012fd37af9c3b1",380826397.680644
"51273a81121232e7f30cfd1e",392091225.077025
"3cfd9ba5c6993718c0c532ff",477620550.780305
"8567e677b30c410df80004c9",671788113.63216
"7a34bcd9f86f5036b526c3f4",589089826.662095
"3dda25226646e1e91f4c948d",589089826.662095
"a2529027db6b525e365e7be0",565594525.984613
"c6115d5e908e04e67915a581",655775058.756106
"8d0ae601094562744c8dba4f",630927184.657436
"55209683056fe2f9faef7fc8",585522968.307231
"e840095310907e82a159d683",589089826.662095
"278fcdbf16e3064ba42c6785",753622698.927523
"74af10afa02e7724eeeef108",638404786.325142
"b763f71e8a5bdeecf0f3f0e5",388706629.257078
"5472d536d1b6b731537bb67e",391640355.140902
"995ba6d1fd63d5160fb18e71",1119521902.46639
"f424ca724e7df1c37ed78aa9",647528129.24357
"c2aa451b62293042b7244fff",497650101.958697
"d4ca9506161d3f4bb3ca57fa",422198356.600497
"799862427c1f335eadedf4e8",435045280.994506
"1f3b3bd08063993c23586c93",540739518.700983
"817422f4c278ff27a22b05d7",552595601.902718
"db9798a3f9ac287754f3ae01",765225143.227563
"7ead45d1f505649429904307",669118229.947244
"ac7ab254166442188c6c5c25",832347140.997122
"67250a8950aebdbc67f7fbfa",647483296.962787
"641f4319c315cbb74872b8ac",406827556.410323
"710b0541a025b1b6a5a80c41",408304808.803516
"a10f459124248ef30f290cad",501951381.547337
"1aac53220223d0d823e70d0f",449046066.833819
"9d0ae0c4dc11d8c6d94e545e",515219327.842672
"be685d2954b8c7337ec94942",601315600.453609
"e43151473292e4e98f121f63",573238036.759562
"e04fab3d74d14be3b8dd2c8c",647217582.251078
"c77509a6eb6665bb8eb07d95",653182750.890907
"9753470e033b35407a2eca2d",727982293.724344
"825f57ad0527d4abf41cffc9",690750547.623861
"0d8074979d302868c2534262",799038926.71195
"15a3e60c7a5d55243057d7df",407663855.736695
"6de06f867a28393a9e95c7d4",408428880.091842
"4d418d0079828e244dbaff5a",571782129.677178
"2de93fc191360ae22b0402dd",547723553.527339
"86792949f2e6a347208cbffd",596639976.032696
"6d8a0768adedcc1070d28390",643952653.610028
"459963742bbaadbd9db97723",705966966.55924
"235b10cad7233d579a966948",707862117.913976
"4443407341bec8b7b0af40b4",755302976.64608
"d7047492f4c53a0cdbde60e5",746251617.634835
"5541cbe23acd6ffd4aa0d939",758968048.456288
"1d0853f825cc0aec6f5544cb",746251617.634835
"f016623361c6ccc5163e79d5",759458016.567356
"d280fed64d1c23ac9d79ce20",759458016.567356
"7e86f11cd63ff6c8a3c12fe2",747501265.098974
"9d7f161ee660b1bcb54574b1",696212968.711093
"a0722c5527c6d3cd5cac9477",690750547.623861
"278a2cd98528eb1341a6b685",631341548.211579
"b755f88ff3907bbe2a417e07",737740621.803119
"2bb55b0a92d62454867bb158",780866167.890159
"960c9349b6ef9b747ebe5829",977110835.797485
"2c8352c418097f82a50d9bbf",706434670.229642
"47d7ba800f164f397fcafa9d",589950004.143085
"610061a0e67aea7d222f08cf",822110479.696961
"a33de2559b5f56d1b3cfce08",555457533.284372
"f020fef57e9069e4dea2d71f",858735623.396233
"883f095dd3f7e972d7dd3c2b",495370143.891684
"b0b784bfe2d3c1b3b1320613",639195799.321369
"1ea66dd4a72d93f5967be730",448399802.842571
"90b04117887941ac898a67a8",420699680.363803
"022357a3d48ea87d58ffb46e",405061862.948596
"292224fa68b0303a90063801",432746427.850862
"6cf924390dd3ed4454403887",520657704.32134
"555a293dbc104e00f182fe34",558122332.390753
"e13ef02a57d35f71a4fe6121",442027631.764381
"c82929467d22589ec62c0475",451560841.556173
"18a74c9a49ad381aee5e02de",538789393.518299
"da40d46cb91d9e59fe12e6ba",468323478.458908
"6320f26d77fcd56675db6b97",679307297.891125
"3307731f3bc518012912f1b3",617579837.955218
"ba94572d1e050bb92522f112",578643318.08156
"6e0d6bcb01e99fc4959d3f7f",504297732.234214
"dc3cbbb2fa00043d02958219",553781241.348928
"495aa774f4db66db6df30e93",546517748.616897
"6ba298925ffad32daae55385",648468195.093359
"8df5099d856c7f9de43990ab",661973666.81866
"93c5c5d9d1e99824178be9ff",634222870.584669
"ffbce3ccf241890ec95104e4",455190158.071512
"2c03c38782e365e68b32d6bf",637072458.937151
"7734421098413f27fae86fef",627154593.694151
"2b50969f1faab80655bb9104",527975026.714121
"025a98586386211b1519f9be",502016062.982313
"6013b8c04f7b9fbc74ef1ec4",485517290.051432
"11075db1cf9899c8640e1b90",454616602.665696
"61ba09084039a467410aeadb",558526227.388999
"eb2880c2433c4b2500fd40ef",614792201.50858
"f7f8607535159c82dbfc6c14",516878781.445209
"35c7a7c0ace36f4b95423c4c",640839020.567739
"c71123c31d02408cdaa74daa",614423156.946138
"dd8aa138623604829d56ac2c",504297732.234214
"cb94eee5ecfc75d0fd5ba6e5",475788295.716864
"ae6bfb4eb4770f2266e3b961",585685365.133227
"573ea1962372999346590c0f",676362725.222335
"9f7204b4bb3ffb8591e3164d",898839779.925696
"a4410bebf9843297fe32d63c",682389669.060314
"2afd9dd680803e3c12d5242b",765677100.99171
"a7618c242fd918ed894304b5",619653803.069993
"5ebc5cc2c1488f681cd119f2",731234573.885284
"cd53a991573ecb5c53f47986",637729212.523766
"75ecbc0c0e8e76bb8d734f60",795169332.102378
"47c2934aaa5934c68dcb9e51",666522472.290436
"386ad1ba1cada9649f3415c0",753027620.374075
"9ca0839c9c294674e86eb691",694491200.441469
"bdbaafd11259af6300321a89",615728791.127305
"2e41ceccc918145dbe7de0be",658502941.404433
"11df35a3fbcef34e47747e38",686348449.529665
"b0bcb64f2f2ba69cc712e0ae",818183219.96663
"bce0a4447db2d54d36661011",724548957.458772
"ef7ba10407cd74590ea3fff3",771910659.839742
"a743dc3903eaf3576046ef3d",695325185.216016
"b3d072ebd7908688d908d350",645046169.899646
"a48abdedbe3d132276dbe403",591078290.831761
"c6b7e739125907c86a8997d3",768748517.643477
"813d9415d9abca46ad4d92f0",660743473.718091
"c631f8920a2fd1160f6b15cc",691746101.289829
"16194707d4e85fe332411bd4",669184828.367293
"31e241881acaceb02ef915d2",674201861.991022
"a3f1214ea44063ad10956fca",775603399.468172
"ab086fddcb949e3dc0ed9b5d",762182867.041917
"ec4df02b32d90c019125d108",746251617.634835
"09eb808ca3859318d6328db8",765288700.95341
"f520fd12dd3ed32ba78d357b",700713676.32397
"0a2f7379cd1bed7d2d2d5a01",681071203.266741
"30652905d3eacda34ff61a9e",619136575.747501
"0509650d34981639b9c64a22",659937854.700812
"77cd6b199ee485314bc74626",663326475.926793
"10c836c2e566dfe9edcf3d8e",894780994.620067
"e109ccb29c02c9b35b789c90",831885222.503129
"2d60a221b478264cab9816f7",973316942.275121
"d34c48ffe935cec3358b2247",733203967.835932
"9cbed1ed72b444c22d8c1614",733521054.380836
"735c3aff4c151dbc32f9a76b",743509739.412492
"a4b6ceedaf89cff74a292ab5",772139305.602968
"052957f95b6e7b41bc625009",856791404.120515
"33a61cda27fadacce0d1aa7b",804381550.159549
"6c3bc8c58ce67b8bb9f5894f",778114894.709471
"1988513503246248b80c7f17",810000450.536272
"57c29184563b31f5f752c5c1",757835610.75009
"bc6a7d4ceee8bbff9ac5eda8",750816717.206952
"f1b7ae24195b4414e6d6a001",757835610.75009
"e7b3ec90b47c9e6009ca8a75",831885222.503129
"39b62c6fca161b80bc6726c4",824960113.457129
"55163359d7cd910861059389",970983693.852199
"df35908d6ae2847dfc73cf9f",795113308.953132
"ac822dd448e04e9f8dd1721d",610766889.96592
"7e86148f53beefced6e0f3e4",616452870.304176
"6eff15cd6372aeaab2e665d8",504072437.390591
"0a1af9bb571b90233856289a",654728647.166458
"b3cc5930a3cb26e35a45e09a",725274313.146216
"0c12f73305bc7d72bdbd9789",560810496.613273
"ac048209de77cae737d60545",407254325.394152
"9239fafbffc066dff0811302",382359827.990093
"8e0ba427ea909cb7943929b0",555182789.955383
"b3c99f30b16fa80cdb4f213c",595363703.505576
"d1dc16c82942902c668a5c9b",597037702.100711
"5cfc9e48ab90da0f4e98a7ae",650232575.676658
"9abad9f79352ed42d1a9f099",517233689.696021
"dedeafb60b4a39950e7a984d",517233689.696021
"74cca5cd08c4bbf5d0404d74",621447404.445468
"b6aa1cb0187c4a1715517fca",517233689.696021
"e22bad460ec1bc991f14bfbc",608922621.994973
"594d46a91315527995cbd807",629204655.225622
"2c0b4c8269cbe25a4e85e049",449045679.576626
"1014d3a98e886e1a7358e29f",558179194.997744
"73d6bb3d6ae08921a6117f5d",478645363.964645
"de3b619a7c80549db6ab16af",728383080.600883
"da34d6cd832009e428d2b467",478381883.80508
"104722434c2deed04a901aa0",478381883.80508
"cee66eef685e4764b9553a02",575813346.022017
"58b40969f1b73182cb6d30db",575813346.022017
"964e9c3f87176e761484543e",796238719.667854
"19487167081a9b0dd09d7975",647435972.259414
"7d8e345c9b16d0fd69f848ea",802007991.720356
"7d4ba999100c8e694fd820cf",661717262.511156
"c6b157e7a6ca08d04ec4de4f",537749221.288453
"84ec2d5245cfa146dab05065",689324872.80393
"c844a386941b86a3d4c0312a",408304808.803516
"0648aae13097ac649fe714b9",690449321.800766
"34f220a8ee1f24bcc5790364",396850841.315361
"d12eda0ba04f846d73cd7acf",696042595.059959
"c12904320223ddd043f39c63",354994952.391103
"8bce0097d22b34a804b502bb",607913320.933091
"ec1171cac1eee089be6f427d",574541874.544771
"5d85d77a06d0f0324d15d162",641935515.39741
"0349908483ce628a0a5fc164",624718440.350996
"d74da3bb780515b1273d741c",755302976.64608
"64cb8fc8412c9247a5c243ce",807779161.923003
"3a53919313bd750f2b1af906",766468743.942651
"91d265ffaa6b407e9747b15b",795448870.885025
"1db1d1b76e09197dd915a8f1",818092950.498954
"6645a3080e5d10779672d139",594132794.455037
"3ff6e77706eae698f86eec29",775695577.296266
"4670d21fa84e40184f03d5de",633470938.917742
"ee8bad3fdc93f7fb79c9cbd8",600336755.255917
"b624f0438025478c9f66fec2",920359465.613762
"37dba4927e327d3a4a0c1d36",547040212.906277
"8d16b1bdea35630a3b09b192",547609836.750531
"d54a4c353cebf18d452be515",459030750.097291
"c402811ade75f5e3dee73ac3",514821937.287045
"dd926903e87d691a0f15dba3",526848638.224877
"cb01687abe09df6838e1b224",519952508.421744
"6ad3e1a47d1055b55d14e091",514704985.23385
"b8d50a94e8166e471fd8282b",505998659.084161
"a77d82703468f2f9e8f2ea0e",632275770.593704
"5d2be469f69f31090769efe3",744830822.898034
"c4e8559ee733a551649a5dcf",992444786.073965
"5996fc90f923d6e8527097ae",821773517.526633
"32d5772adbcc785ecbc2c55f",423237942.194796
"5f088237d263c37e78264bba",539763362.375619
"799afa0396b9f268f239db51",518677542.918357
"bd23b1463f0936d2ced5fc67",505357418.636295
"8f35a5d800d98481d7a8b6a4",534708819.009086
"371b5ecf08973fc6e6849d14",510554052.474441
"fa70a55dd0e2053a1b566de1",472859380.253412
"584364cece0bc4d17f0e7fac",513213185.941943
"cd968f8973a267790a38f2f2",476951160.571549
"c46b122728ef4c9ae8be444f",577273294.249221
"4056182cbd8c12cd87ad9e84",531591580.687044
"6ac747618b6ca674e86cd275",602323964.88876
"afb02897c700dbac941ba8b1",583222465.001722
"198cd3f4e9be65b83f01ceea",678489966.700379
"c92bdf97d7f0a9a12c024406",655050141.297845
"e00e5934d1941490834c3145",639966045.924204
"5b139fdb19ff722a846d71f0",755302976.64608
"8b554961129384797391d1ae",746211655.031248
"854e27be18fb8f24fd433eb7",770210779.564152
"241d9f8599ce6cadac1d6609",772501393.498006
"b85b37ae83ef95baa03752f9",821221213.781578
"5b3ba9e56e24e08e1f81e220",413259645.522741
"58c6518f9d2d0526d31e7566",444871289.878987
"38a1e2050dcab9b4c70c5e83",555771399.458408
"da94e4a5fdebe3ae7bb1adcc",497258751.715948
"49fb2771ea6c1e8950cc9a57",508986041.527192
"f2b67c40a560af8729bc6072",496037596.971971
"13fc2dd1cd32d9cfa457a5b1",635081404.279437
"b6ebc3b8408793f5058cbb90",603904942.337151
"75ce506dcb994b10497e6816",763911832.208135
"6dbfb281abaa9a6956c080d7",441642092.595899
"af67a68803a18663e4b03eb1",467340575.294214
"a9c212f77a048ddc33ecebba",635622989.112179
"df89fa06e32e90b0b6c2014e",590329450.76374
"f20a7f264a8285a75dacdc1d",740993412.204447
"61a363a73f3c93aa1775c4ff",729157440.112568
"d8c1f7303b205fbaba2890b9",467551674.847173
"70962daad7cd15ee8af564fa",605822769.421183
"087caf4bce7b0a3fe3c47dc6",375192364.853189
"5d2200b04fde91f830478aa4",398013745.969623
"821eabfeef3dcc622fbcbfc4",383218960.56853
"3d722d960b860b4bee79ae2f",602012081.780948
"4d3d887d2236c2f897f3bbd4",577219347.000325
"7fcbcd9e274b75a157cf5d5e",638312334.45726
"88ea2d2d7cb6d641df3ad76d",733961326.153341
"c06088db17767866b7f4ba7d",641935515.39741
"e4a9626b1107b9397d0067aa",770210779.564152
"82abb1fb693f34877bf1327e",696951138.63597
"3279efb86571efde18eeebef",389338673.000259
"afca7b219d52b22522abd00c",534734248.718173
"7712f963ee37e91abb7342e7",686621835.760783
"2a2f455525c8e0bd709db91a",622723425.911081
"833ded72a8cc9c0d606a7a74",625226115.816778
"f3bf0be37be6292ba0a8736b",638343757.064497
"c06c8b6425e3a7c2d7481e42",392575308.282869
"27d4f17375f76219b446c092",420350766.344394
"9b7de95ec90da0dc8cff7011",477683006.857919
"8fdc9f203c3de5d486de7ba0",510902999.662523
"ebf2d540aff82f1aadf95f9b",527975026.714121
"51c48d17e774d6cd84f4c355",605941213.064504
"5c1d1ee26cbde5b766cb4ca1",690750547.623861
"2d26b8360f1da9a677670fcd",698464774.934403
"ce1b06502cb0c5d9846cff9a",694846439.012755
"3186cd0a3125adf3b25587aa",595238494.223138
"f839de5370a225ff993f5b2e",633358828.56388
"2900dcf3f944a7fcb33aff36",627120264.622948
"3f54091296f773f5a1bb240b",644507084.682284
"499f6f4997474415f0bd596f",663170218.665661
"110539d2ac34e5180e3fd95b",765262361.380828
"dccbc668caff517f649cadbb",960726682.470537
"823c9c7abf2d00140766a2bb",617579837.955218
"94af5eccfe170cbe7d428184",685840531.533285
"dd21457e18f07d7a927c0104",477620550.780305
"5219cb469fff40cd9606bad9",405639013.201381
"5a83bd697db5076016c0671e",567675943.774301
"2a1edfd6cf74573521ed74a1",561162738.337992
"40aad45bb7a980c9c5e1884e",631246370.240409
"a315b497dd8e80464bf0480b",700122977.988059
"7095d576a0b963eb340d8fdf",575813346.022017
"9d6288cfead77d622f5f5b95",862344316.842783
"4caf356c110a50c6c94f3eab",720537416.640614
"23101b0002252f3d4b3e1d5e",867691355.618498
"8d1f7b0cfde7e496e7bfe972",684583488.892915
"28e572584fea1555e2a517ed",764659250.645136
"6666ab486afcbc162fb560c6",830991671.53772
"b0978c973ec3291e950185c1",743186758.766136
"d6cfd3ddca2a59f0b6999d77",633775411.234712
"a77f5c03a98636d90f50e11a",716216181.319376
"e6387696767d20cfa4918ca9",588728660.448328
"1dc0fe5bcea9d08874871326",478270096.484429
"ccdf0abddccb1a670f31c2f2",780929887.898349
"3ba769d65f02217656e0f5b5",595238494.223138
"628b3b56449724e7d945351b",799904866.442101
"b47713520859d58efa95bb06",697816941.094697
"e6c6625db90e519f9dcf1b23",595184402.157012
"3e1a1b2a518d3ca2fe3950b4",648468195.093359
"24849579dc9ba7fef1b24396",574541874.544771
"6103571d9525ded3c09668c6",461510878.266476
"a678e89692df9b14da9f19b2",574556187.95141
"47bed52dee0d311ae0016b08",677256157.641989
"36c0d26b83e575a500a6c30c",593397672.415748
"34447730b60ad12f4775894d",811371377.156029
"aec1778ae3b5e60cac280b79",591078290.831761
"d95f38f5d1293c74ac52e823",811371377.156029
"5dedb7b64b6ad0b514de2bfb",770686352.713573
"60c71a98253b5550d773a529",588728660.448328
"099ee1a7c91105ef46b5e7e8",668645808.523693
"b56533bb19eefcb244e69470",729078276.083539
"62f46b8989bee43db86ff589",423284458.592858
"4d485ae48974213b1594c905",818700205.602897
"c627c6287efaeb6fd9049312",477309013.964773
"976945e68af6a66f6fb0850d",607913320.933091
"93e443a5b3864d52765e6484",743123601.106851
"6ef9ce7a53ba3bd892e21f1b",569051427.390637
"6f3041147f930cd6cd4fae05",492701474.128643
"3917b95a3d05a5e58c117f68",461250644.983877
"d61ccfd4239026feb484cc93",374829169.332071
"b443781523fa0b5be4ad7739",637382221.813885
"6f0fcd78c473e4e04fd411c8",661846742.637768
"7f134c92e20aa9c6f084edc1",589326902.662942
"75075631f0fd84fb0ff49417",778187072.549919
"eae4243c274735d616c6b9bb",697728901.314508
"25d233d2779009affadf5e91",761784145.143062
"1990717d8c7aa8e732bb1165",817840718.350282
"71b99de83d83dd970b00f07f",669884845.401599
"243ab5db6e47f3536d04d312",878169909.546635
"61cb98125f43429f7f93c898",755302976.64608
"6ed772640e5a311cbfd17c31",400325883.801366
"d9f0b4c92bdc9476f50638ed",484892038.089782
"796eb5ae3ca5b63c9fbb240a",799038926.71195
"e6f3eee9f5048005f24f0943",770210779.564152
"291ff191bb029742387a72a3",680767016.262053
"829bde7f8716daf76f65ffab",763256812.465512
"110a2f124bad0f9381edce7d",825452146.736837
"76b719681617ff7f28d33df3",638172440.286364
"eaa6d58e226904e9993b3493",498387661.847787
"af3e3a83257eb507b96b2a1f",853885568.455792
"43969367322e86c68b51c2fa",466198095.453041
"50fe589dea73e764b7735938",456612828.710276
"13c9960a03a1c446aa5515cd",544568806.65834
"e7834f52ebad3d3cd00d069b",682464908.669802
"fae37ecd6046e53ea121b1c6",685900186.468862
"8a0d2f8860a90322d6c3b61f",557067469.526448
"008c7a02d158f3b17ee8e015",440940406.191649
"3ea6e8da2cb0bf83872dfd8c",449376728.309447
"9b184e58842bcb14dd42103b",530368731.180896
"43eeb2567c61bfbb059fcd4e",706819041.310067
"ac7f6087e19c2d3502368fac",487768821.49668
"73494d52196ef9838b1be34a",600336755.255917
"112d996c4c0662bd13af3ea0",651681986.525983
"8c3a02c9ca043cf0f322ba84",613829713.724963
"a757ba01a02acbdee50462b6",611361948.436014
"64e3401f22d18b573ff0504a",655198916.839177
"acd7394afcee30e084844c63",792285911.611576
"35255f80583ffbd504250554",625218517.245003
"370a0d0da794efd58cab251d",596702816.658179
"cdb5f8327360c750469cee74",674201861.991022
"dbffe8f46b3d9da2e57c97fc",594132794.455037
"25b1ada57fd1e5c88d939c71",593215736.714094
"05f79195e285c126125d258c",668473332.153909
"62c017eac96743cfbb61e86b",769911556.990689
"3ca7f183cc0b303e5d455309",942489834.807594
"a3dbd504524f980ac5325150",696406092.36519
"5703df84eef7ca9bec5bde45",920359465.613762
"513aa9c91c245ee4be31507c",717683927.882903
"d41d07d1aa700278cb81ff30",685486808.319101
"207e39d9cc4402edd48864d5",601527235.080531
"7134b03f54b10f282ac34fcd",765185029.676025
"6d860c215908949c4ba1c536",382867724.977092
"f35f884365b1bf6fb303d7b5",379462630.093893
"4f480aae78aa068901ee9468",410433172.033652
"39a12600317b58457f68b5b8",400364812.501073
"5f0c7a6b4f46203648a0bacc",405050226.236846
"d01f6c0b2b338289e9fe3768",389254363.936793
"613ad83abcebf6598f0079ab",523324928.50452
"effc32659ff9bf30faffb3db",523324928.50452
"73fbb3e6b22b957ba6b7557c",501708094.954104
"6c8c5e22025ca4f450a428c3",526352002.924336
"d6e333e793f75c2ab34fb127",570421988.56914
"b82e52830b51e823ac7187fe",571856379.401321
"35ed4187f732a1ea68dce712",497760302.417641
"0c5067ff99e15fcf99792cbf",497760302.417641
"0ad01fb039a198262ec59b72",498860407.680638
"906014f0ee3f3f4f0576d4da",518526318.287112
"13477d8ef90576ca84258984",518357466.636331
"3083a7ab1deb092f7aca6a54",511945002.744421
"a92ae34df90cbf8af7695ed0",670565969.106047
"82d22ca21e31222068e1ecba",653397792.808108
"11727589f7c66554e9114407",655511286.488232
"9982169d6f3e9ca61dacfed5",647226031.361482
"2de0ad9bf15232d6056285fe",645203198.952629
"eb6e6060b78676d13d6bda48",617312802.766945
"6f37300b1fefaaf746f53907",744900033.654652
"7698775967b96e3e7bf66e6c",660147691.150113
"863e5cf88a808b8ca96907ff",668744847.302048
"77b5c9a5f534a5b80cc16d09",635217728.605476
"ade0c9cf1f9106e342c69bd1",635395567.086438
"6fb45859693c703fd9c812c8",670387188.346765
"45badd183bb1a4c630174f3a",658550621.278096
"f66bad2cd4b09ac29f540f63",657947928.195444
"fa3017d74586eb4c3b5b7db9",677938507.781172
"f09bb33b65b5ebb8fffc3a21",635767441.997824
"600dc823c42aa64f60fc3ab9",624230464.624466
"c1d9119fa7ae7d44362f18ce",624315116.065343
"a1305fd943ae63715529209e",628467994.247884
"8d81b4681ad0055c274e7da4",651641767.840307
"cbb10e7618b1385cf922e815",602093084.845477
"b09111ea69c4be8ae120ddc3",668483888.815932
"099f07f9ec4ff6d835337f86",623262331.009815
"c70f6bd5ca138bacfdf8b5cf",600623938.334976
"a6c86ab7381f6c43fdd61a01",603863588.720651
"58c2b87098ad454b1fadb13a",766328180.503397
"6afff7782d129021eebee968",631953789.85637
"ad92f3ea52673dee0a56902a",740518213.98066
"3e040e87b89a043564f0d0a2",737845162.640092
"49d020d2056717c2108b0927",738825873.600027
"a4ca465294c114b1065bfead",760696733.037747
"ca9520c7b8432b0521b2e8dc",392479562.094527
"4d20f253940a4492b4f6a9f0",408304808.803516
"09b61cf8ff3ff09ac892d073",402853770.604941
"86e81141e429bd81d7f0e73d",511986776.853631
"b9826d7a6132b16df1bf58e1",477278252.372546
"a90c60e05e29b77963a11246",471991713.868785
"6e9984a3c3daf63fce5cd3d6",665324323.924013
"a9eafeeab4ba51d3644f4052",645049302.809337
"f74eed3a7dad1bd8d92854d0",644854606.081034
"5b377636fe30946fff973f3d",632853024.410108
"5bf6c1862c0bc967da2cc484",624718440.350996
"cd5111edd2fe80f56db29531",770704699.597156
"c76c4695ed005277a59451f4",752059640.328934
"7dab6cd1002a8521e5825bcc",762624315.436506
"5b57258272dfd1babb29e7fb",720964615.018357
"f68b7dfd0579838324895097",838441617.228773
"812646c7de863919cae5edff",685749368.283127
"0da10eb6093728074b34fb75",673037106.654697
"c64346c8b0ba32a55292e66a",746251617.634835
"ad6317cbcbb8bc27b0774fca",759458016.567356
"9f43c80d2fa31a09592b030b",733203967.835932
"5b84f5de073000ad4d4b1a04",807779161.923003
"d94d18cbc812d560c1e38ffb",688961319.67897
"ab3110b5dc8ce81471f69c16",843576142.454929
"138a1990291ba31024455eb3",673505655.619847
"646bb3de5a1cfe4bfb7a7ea7",791916032.755463
"d8fde541f142e6a7f0b28099",529622010.804052
"ef61986cca74fe8585b1b287",449376728.309447
"e1d8eacecd35515eb19f9135",801336756.327184
"8346d64ed6211083fd420ede",523745022.583894
"4340fcb9c80733260565c24b",780683436.199312
"ff5a27ffe7de039e65170f9e",644588124.653859
"ce407c1e25333d7c7eba1b0a",632463209.222628
"f927027bc766ae6c111fb685",399812740.512749
"3f9a3edf25152433969f98e9",551237778.738987
"987476ca395533347581b2df",609308852.12553
"17d0e3208fdf10c77e95bdf4",627968029.909925
"b485036419de03f5bad01f35",795448870.885025
"d3f7847147c88352bd3b9707",697479120.762333
"aabaec5accad3f545f864a3d",791994533.554152
"400a103762ad652e81c8d3c6",890252400.320975
"acf15357c1a919b6ee78f676",830760393.173307
"8d983b9ca65f19ff3d69985f",884601875.183289
"b9a80a4d84eb918792324dcd",401820816.357241
"223b3c04803ae7b855f9fd10",798751321.12795
"e5c8f2d536c3f931eff2d70c",495791682.471483
"f976ec33e004b2d4d32c2eb2",428955858.576105
"cb00e44cea76a92e9c44e793",406640143.375247
"0e6dcbf136294f2a99410052",392502174.265045
"102de0a5ee4f19454b922b96",693212381.389039
"cb1c8ab11838d9f0a1197e25",614198890.727789
"2e2f1072d8db7372b2c2419d",396139827.631941
"8c4cc779f5034e9c10b2e698",438122406.966446
"85734fd69714897264ce2214",556157510.415538
"5694c1f689779fb5ca95686f",607325870.063477
"f3bb60434cb36fcdfe218478",666706812.617271
"cf8bbd3528d3e7e2b8f50c29",650232575.676658
"7db1c8214f229d865da455cc",793250461.299705
"f3478cf008a7ad268a434ba3",502912856.800655
"5440ee15bccc4eaf827fefa8",728338058.281595
"78e85ca7c532a77700bfae6d",712333709.371595
"eb5e382e1372c4e94f467673",677082307.939807
"5a11cc89d3b01eb87535ff1b",764121767.80608
"d0f5cebc2059ca89aae30c76",485111737.356463
"883371e374936fdd74d09fe8",455580689.110327
"9ab4e5f8cf2b807603329cdd",440492248.493533
"c37c7859956931d77cd5c9a8",466605882.290423
"730804efcdd755786bf734ff",455190158.071512
"9d021f3fcbe5f82fa1c1fd94",449376728.309447
"975ea2f56001edae07f28fca",520657704.32134
"8fea95d0a70b1ea918803f58",558526227.388999
"4718488d664194a3c0c5b446",555506514.820066
"1b87ffa033dcbf4e2805dbb8",527975026.714121
"1a77ac51e03c77ad280be447",605941213.064504
"228d165257ef052ad50433c7",637072458.937151
"513a83ac5bfe27c5b813ce4d",533537554.662535
"73bde441e18a9548c034372d",578259519.230171
"26301269301b6f96862af599",635069789.428271
"7b30dbf2f6d835ea0c14b392",693224804.02101
"254de3f3fc52b8cb62141baa",627154593.694151
"f566603aacc78da47a283804",617579837.955218
"990c8d65ca11a97a1d34c5e5",706819041.310067
"a9878134c12696d8199a1ff3",683881206.348142
"58185ef7646efa724e904f5b",713163122.008413
"37d5b8f329ed1ec29d4bc035",693363408.369882
"e6f948282e81570fd03e4df2",595238494.223138
"8b801b4cc1d254d0277fba5f",619653803.069993
"33a334a16c4547b9d7842c3d",615728791.127305
"1ad9e105d9da875001111075",633602920.16691
"08ad96681afa49c74721daad",608445878.792974
"beb73d27906bea7a7d880791",676362725.222335
"bda5b2e5a87a4905a30f3b8a",691746101.289829
"5cf70a67ec25288657d6fff4",695325185.216016
"baeb4e9d612bffb63ae3564a",660743473.718091
"1902f509aa05287ba42f546c",787270716.755838
"c0cf9517f20ae81c79ceb0ed",746995597.87059
"2ca8b22013c529b412ad764b",666522472.290436
"b38816ece917027a179663d4",818183219.96663
"c89167e42af0d42c88e8573a",907463030.876786
"09254c66d93cbbf2675b775e",771910659.839742
"89f8ccb0c1e2136adf87a10e",685036276.128065
"cff851746578050bdfd46090",750816717.206952
"d53ddfac67129aebbe054024",772139305.602968
"53b5ffa0cf0dd12e4eeb6a2a",743509739.412492
"62db5fd2a4eb831d281ba8ba",894780994.620067
"59b5fe8d4f5ae272dbaa5ba0",811371377.156029
"3c1b7a0a306e16e8c22d78c9",778114894.709471
"5219c3cae1c92b52551a8571",763553680.578554
"de6aef9a5e47a614b75ee576",822063852.530595
"d168181ef0dcb853171cdbb4",812144219.259677
"6c8e27967ec63e6dec4bd6ac",970983693.852199
"8544bc14286a51e60ffee7b0",952993811.800621
"ed48916725be6970cd2f273a",440909952.691768
"9ff3268cd15cf039ab958413",405583911.213597
"16cc5c280124618cd5d00027",404234891.778562
"ac028c1580f6e4da4ccedf0c",400373232.179943
"673f2b913006ee8b33e75b5e",610606049.073239
"191f96722301456877893b22",518065889.999089
"a7d8e636db44cf5d3ceb67cd",635514480.795275
"1310e9cafc0b9fc21c212f73",629203902.731526
"1bbbe4e1eb264f5c69467e50",367269102.107375
"283c1142d027be336a7bfacd",510902999.662523
"4d09c2354c67243c968dbbcb",462589317.065275
"db3edc43e89840a65749cd94",578336613.804476
"0274166db611aabe4e946a83",578336613.804476
"8153b36347669087e363801f",707862117.913976
"e04473aa943812de1d662058",707030656.803609
"7742e8923a4b832e3d94f3c7",714010040.852015
"536b5a8aea016aaa90fe744a",766391995.34728
"d2c02052de9c97c531a4453f",666925862.223874
"48378a6148532f71abcc2f98",755302976.64608
"fb0dbfeedbab00cdc7eb93ee",782262652.715269
"699412bfdab1157487c81725",755161093.535485
"a63c26369cfbabfc9c2603b6",764037676.596175
"34e5602cb58501859e32dc9f",705966966.55924
"da83b03a6c9d405f55714b0c",792708243.172652
"d938d682332fa9e5c4986024",820986722.803049
"e9e39766e2c96bc783d580a9",811371377.156029
"fce89a9ffaba32f9f7c5895d",696212968.711093
"2d6aaefe0f50db8acde6fd1b",884601875.183289
"1710873f951e7f695fca3568",386459487.096243
"0ce068461fb3bf34eee000bc",599507139.215894
"b5606ddf3a4e60e2a0e0d6a8",570545973.901166
"2c2e56e3e5210c111c7de708",542695677.777945
"94118bd8c3da3f14f9c7836f",578336613.804476
"d20a5b3eb857e1f4b548066e",684212804.693168
"ad37e23456bd4d90010f7784",792185867.351769
"c5602c608080e2546dea5463",703392780.828224
"e3bd8bd5884a55fc1a151687",700323878.407542
"aa31e5995379bc38dd40b8f3",706804529.466244
"fe8a10fb4031669a9b21c919",818700205.602897
"08eaca41f26eb387b67bf30d",926230357.778711
"23ef4d57d130e4130205f30d",319080887.680053
"d6f1594affb8db7a865e3452",404234891.778562
"abd9cf3c36309d590e58c2a7",576867005.908958
"1c177af5bb41e26ac0135b4a",630785579.853892
"a05da8df13eb4b121d536912",541606907.460951
"5a5a581ad5540fc82cd3c2ed",577505700.091577
"b50ff8bfc0b4c4b165c5ccf7",634708619.93501
"2abbf26e80643dfc1b75edcb",690750547.623861
"ec903c33a379d8d2cc04ab36",680003243.641494
"c062d873af3b7cb98ccbeec9",734585230.990637
"927de0269795dbe0566a0326",613049250.400151
"ee703dca75c4dfd5d035c9a1",463689812.647384
"b8a42b02c50438c2ad7598a1",503468952.068714
"f7216fd19f41ca5ea66a9169",503468952.068714
"f487761a658a4247563faa38",727955804.657853
"caf878b42daeee3c7de336e9",489238968.098359
"29d0dd2d4b120dd54c34b13c",532052263.146424
"1cfc7d60ce613536d23b093d",743940571.573871
"c6c7409bbf52c86461aa1dd7",745112353.04613
"312ef52e0250429a5ecb3b27",727394413.575142
"48299e52748ecff3b69f7a90",512198656.582653
"a02f6ef1f148659297d46b33",578300684.700413
"67f664c8f9250a22c10b4f67",714010040.852015
"4977af03eebca1aa266289e2",541400099.946419
"39af71aaea23b5c1e987de32",485111737.356463
"d69b019e6d54faa1cb044d39",755302976.64608
"024e94e72ae88464621539eb",820986722.803049
"b980c778ecb2709696265c10",811371377.156029
"8780134f8b40f0fec4d1b661",818700205.602897
"107f29b67164ad6861cb7059",696212968.711093
"c8958d280d0cf2d8a0b481f3",611505017.711843
"1f8f74ce8831d5532f330925",641935515.39741
"7be46b6dd9891ab771fc4be4",522073981.071352
"4f4f7d2b14079ddf8754d6ad",661319869.863245
"5921ce922675f6517f8f0007",690750547.623861
"49f0323d28ef0610248c87c0",837556137.897604
"3ef167ca6c4ac77f6968d17d",640424327.174985
"8d2f9968ec8aece8d1a20137",569861846.674876
"4bad47078442f3416b2c1ff4",508356675.112772
"5e1cc2905f7a701f895123d8",656098030.982827
"a8633d3336d097920bc8a9b3",624718440.350996
"72fe83366bf13a53937b7034",797455017.63642
"ce78e1dbbf0f7aee98e244df",795448870.885025
"11be39d287e5a8bdbecb5994",715832850.934208
"40a561bf79fa7a08155e1183",698757580.393005
"3dbafa8cd5225e261ec9b6ef",451396797.254716
"68cd88b657b59f5671f59e04",512298629.794577
"6a2ce95a8be0654f193592e5",630533048.627993
"4e613cde51f9760d3c051562",771660249.365429
"1b69d2c7fa8f802c4af1369b",640424327.174985
"f126c4b36c00d0ca11c21a2d",573418143.336836
"e6a7e6b41e6c6bbdc16e1e14",661319869.863245
"5a69ebde2e113923ddbcd18d",645046169.899646
"72f0540aab38ebaaf9a389f6",798981996.972315
"75b5bb7b5ff8ebcc863fbdcc",641935515.39741
"096912698fd9a59d94935478",672731092.859711
"f0ad965090221d2349e90d5c",687528492.518907
"1c224347a1445ae01184e0a2",690750547.623861
"0ee7273686a0a92fbf48a383",718517027.721381
"e2094d28cacad3e2a711c5ca",395754456.894626
"f50e0ea2c3831235704b8c72",375332416.407501
"1e64759f297a66524eb07b7e",496478858.557813
"7636a187e29abcbd8fad6244",612145739.308496
"9b858a70a031475e422e375f",643972680.041736
"56c2e8e14f9c6c9a9f046a08",705894229.798544
"1bd7b990be19afa5acc78bc0",774732071.269552
"8b36b7364e4a4c80a6e50bed",885577230.089367
"d348d38769937c8f350297bb",930094152.721039
"f4350916cbddd5a544c6ae46",423349304.474709
"237bce11f35d32ff029498a3",507048359.019197
"faf92fbca9baf8cce4a00063",496342237.655818
"812c9b5407424f956d308b06",616066403.242137
"9fd4adb5c63fba5a11661b23",721001984.044295
"168f81689afa1f055d8bf7c8",616323729.509111
"2a9bbffb1b98c49d79bae509",617434324.984861
"b95ecad591e5c69fdad8763d",508163950.094904
"dc51caa89a74da37ae644ff8",508163950.094904
"d97895a836e6ea22ff3265d8",489816998.555547
"de754bceba2d206a9cb4f116",499789840.768396
"036177aff84b1901e0f18759",485111737.356463
"8a6cb559a488d6ce1b641585",530111761.744663
"74c4f233c7f385be73168e0f",607913320.933091
"27a6f3e8f9649ccce7680f0a",539200252.496688
"711045fc099712aae3fe4d14",605941213.064504
"01e033f5bd502c4ad398ece7",574541874.544771
"a99261116e0158109b3e3bc3",542670517.429396
"2d8d64261ba659302da4a481",693224804.02101
"9adaadeeaf6a403e1c8754bf",595238494.223138
"2ab24b9c5349427998338d21",626536212.481163
"09ce36a03c52d6721bc5276b",613875148.473434
"80b37d5ebdb325edef39258f",695325185.216016
"78a080fc98669c0cd9153904",666573449.910728
"2d14ad8ab9573c406e203ed4",770164201.630016
"145f33a8350a080231306bd1",795226502.387236
"b0aaae3a435fde30c4c02fac",820986722.803049
"b3f5af523b5d6d938693ebfe",818700205.602897
"25d62e6b1a1a52cd8080354f",828440130.158352
"5a06a8b33611251b62d77e72",834993526.787771
"e93a9b257ecd815c860d0b82",634089651.827306
"610f192d22864016cc2df1c9",495985957.245543
"4e665d479b3bf2e25cd463a2",764309018.201393
"343be18b0f77260f32ec05d2",524243141.347176
"33dbec39ef8c0667e4c3f039",677082307.939807
"b24fb90a2aa5d9d0c7e1541b",712343572.769552
"b56a3a017449fc4ce417009e",472346000.394328
"e0dd5e6879d824a95c3c1773",546250004.264515
"156a20e2bf9e48b9a360f9c4",481678151.708159
"d5583fa23ed97a3b9413e910",784374980.243126
"4e6f695bcd4d3c0d8497c1fd",836775862.173834
"da7a511a5f470d99ab2bc4a6",632913191.547292
"22a6058ffe790c98a8922258",958508525.061861
"0c19c54de06d1c139df99ab0",706160814.188416
"48e687093fb26d29cda9ad6e",506610140.125951
"3ad3c519ced4b63ddbfdb0a1",489816998.555547
"0b221ebf810f632568c1e2c9",798654403.982107
"7930f32456e796e40fbf78ed",691152112.237855
"f084bfc530f4039f6631537b",758968048.456288
"f9793063f561dc76c0b49a9d",747401629.763361
"4d2ec23fff8eb502a9d93353",696406092.36519
"a6f570e11883e74654898d75",818700205.602897
"cdf11b53a23fcf9b6032cc8d",633798888.818272
"6f968f62a6fa4dc255397bf7",622413890.379872
"d692ba46b098c6658799ea8f",373897901.164177
"774a4b48d34052a978b1180f",518041249.961215
"acea4c7aa1185baaf6d3b60f",709666334.226587
"07ce6f95a7719abc9a204b6d",622891785.383709
"b371665aece480b8c1602773",632646790.232994
"5edc37d9746cbef8352f0fa4",610303190.979209
"26617e1fb3b4f0e4a70e1b0e",813877432.449049
"b1a13541b37964b8b85f4669",454616602.665696
"94213637892f5fe643cbe8ca",454616602.665696
"742acc26686d04596ba60a34",487694491.76269
"acb1d16ce30aee0a39f01f09",568218342.200799
"e0d837e6d5d74fe91d39d23c",638842794.523159
"29028322a6d692edc5ca713f",792497746.085947
"03d54a6e80d48c96a7f6a1fa",691316589.080348
"8616b310e335f539ab1109dc",770210779.564152
"6c21f6a3513869f93b32e9ec",823068986.380622
"10084cfff54a17bcda6f19d3",597915948.185008
"169c742419c0d4335d09fb45",761968593.697453
"0f06896d7502890175cbc4a0",775731282.144647
"7d2e3464d5f2f79ac29e6c0c",373275664.466206
"de9053a55630670ee8e59c9d",810679067.709793
"8d54b9bd24cd9da341cc942a",475784408.501599
"95570bee1792641c7c12e4ef",753880282.919807
"6d0c5546a498fafba15f2e17",537515329.688047
"ed43b0ac46067bf886457c01",617444015.667285
"8890eca19a9e1cdc9e0f0541",610756967.262322
"760a5dbccf4eb4ccc2622b77",452220445.456222
"20fe2d7fb3910ef786cff965",620346615.664941
"602abdc140c40112afc1dc98",510485286.600462
"b7f906741cae6861bd5fb922",510902999.662523
"4d45fbe5a5d39188b5eccbfe",698254048.040586
"08f74ad7f06f2c409903ddf9",581020566.567554
"7be186f4eeff5c0efd58e424",424255859.457727
"3d1a767dc286fe1cb86ed9f6",690750547.623861
"2ec9f5265334241fc594976f",758968048.456288
"d737b8b7b39e99f7d877b7ed",599946224.217103
"8fc50169e6ec98a3f4229ffd",662053160.780703
"942133ad6b84f9d08e1d4e7d",746211655.031248
"c965b03014d21473b27072f8",683491964.572633
"f1c8da86597a427e24dcd557",595238494.223138
"8ed5e7770d03c43ed19abf42",775355752.184519
"68ea36e3f441cb6da8d36198",756393245.845178
"c97715bec6032974060480d6",685097425.17243
"e6eb47d050702ed49ef5c49f",685097425.17243
"5a82fa348f3b97e74cdd3a61",787746155.475008
"cd05166ab9bf3128c23fb8c7",707779703.739861
"cbe4318f63d73fea6238079b",732976172.003065
"efcc8d268982e95fe2fdb311",807779161.923003
"c45d7f326a2f279760d1a4ae",666496840.847368
"7c5ce0e65cb26773edc9ddef",713767991.748908
"357fda0abf79ec95f73e3584",393659836.476886
"a1e8f0c7cfbfecfd1549b0b5",523403564.366148
"3f208f32cc24d8ce1506ed90",544861194.330401
"87ca8a2b3251a38d45730f5c",574543097.328909
"728961e03bfa6e3242f06d8a",540856789.752302
"b9f9dd0d368df912e6e0ce70",768265124.227674
"429b049255a7edf227a980a1",545007063.092018
"a6259664a05091ef92129c7c",643118154.971181
"674c915c52b27df2c06b8bd3",582996673.935275
"f8be64dc83c5923983fbb770",652073121.464528
"445fa7f5e8e9d7f12e8991d4",727583995.42608
"0842816a5ef4f24435c8df22",754127908.366194
"40558b62d83e4362efe1fe26",394110421.947013
"bc474096496b98177e40f590",455580689.110327
"2b55989b2253416428ece917",455580689.110327
"7158e3a6d456211d4533e246",440940406.191649
"d4fac54e137f5d27ce5f457a",664688642.956875
"faee80ca0efce20e731823bb",771660249.365429
"8ec09555f5a47f96a8683699",838614769.251765
"2d7a48a6b9fff20ded24f86d",472521641.95358
"514b09016ef85b9ddc4fafb2",621385611.790313
"a1c975ab16effc6f97935e16",627159954.541434
"e803e3806630c6579f004610",620196735.692483
"26526235b34fa5b7349df00a",411482869.885331
"ba762cf12cc038e5c43bc6f5",610086007.419386
"45aa335dae223bccb31ff7cc",663605772.545699
"1dd3d7e197075859c1ff5b23",679164604.10409
"2db9b3463f85dfa87347d6e3",691453878.554379
"f72cc14d79ce15491a96ddfe",979395523.959841
"4e25bad08182b79f5ba9639b",589269738.932441
"e724a1db86d8d0c6334041b6",379209802.213691
"8fa53bd51f5d54be50b3fa29",458185281.096371
"fb7048ba61e9e6b1de829bdf",501644745.542822
"4bf70f19da0bddec9241d310",508115764.907166
"13c7f3592bd432c7cd0a42ab",599842669.911049
"cb64b363295d36b9b0fde3cc",790998444.78072
"bdc17ea3f30318b11df30508",762758914.590051
"cb7f62ac4c1afbb4256601f0",790058889.641952
"5d6c275d9d3326e738c875c8",880517356.985819
"9865836c04a9582688f50496",572220707.184068
"55a615b65a28b64d46ec63e4",520604297.99222
"dcc9e2c9c1151bd9f93f44b8",690110820.029542
"1a2c0e46bc18bf3224450064",713640828.360097
"3de8187003cbf6c4813bee45",469625719.567697
"d62663a447beaec69808f85a",398194490.722511
"1ae17f134221d5d9ee69ebd9",657023659.769805
"35e55d060b1c4239a85c0ebb",587787225.353735
"45917f1bac415feac7e41124",639682895.635764
"ed44705c17c414af8442b6ae",826243793.33416
"6f01f2c67343ebb8ec717a5b",826243793.33416
"8f2218126da9580268661c70",774289256.131071
"5b36bc6e78872d2ca6d3d1f9",777978219.744692
"c5c7631ddb5b485d0e992f7b",745892469.448275
"43c88f1874dc7f91c899df36",945627883.839962
"dc544c90e6ee38346a6002bd",642365975.347909
"02990998f3621fc5a3d0ee63",386524274.802537
"dbab5ea45ae910567c97fbb0",493613872.378576
"bbf80c409ab3a6784028eb6f",451711203.151618
"40e56beaf4a7f28f8108b132",451711203.151618
"e857db57a89e165eade00770",508818584.314061
"41fc4ca2b3f48508d840bbb1",510262086.986276
"08c1db1e620e975c4d476b2c",434753453.490949
"8a1d93bbc83f4728657317d1",511883345.623614
"6be0ddd4180b5eb92908da05",514037045.720584
"ff1498465e4db86f4f652e87",841269767.516163
"6410d336f6e61c4a81403c61",464716584.411084
"169cdb07bd175b4325fd28fb",581209987.634682
"546b56fbf616a6dfd1ad9d88",607087267.668424
"666af58bb684c2d8e7574e86",809381682.702561
"9fe75dbfd537f9ebc6653f18",611387332.01995
"ef961c130fa3b9015b103154",762264958.468034
"035ea0f13f2ca01c902d5388",643408551.074209
"7800f742ee14c4b4142f8b58",516988842.99906
"0c621256c4d7ca81045fcde2",507273962.313456
"50db9d168354ea3d75a03a6f",496223643.327873
"7bcd1fe7a140b6eeb4df2aae",503821812.558127
"49a4cebdb22fc2d72bd1aa78",416733895.213597
"69ae1f2868fe714ad8e2f114",603032865.297469
"ca4f4a66d83f2043a7dca261",501480418.016568
"c0ef32a7a294e5891505bf35",501480418.016568
"5ad6f4091b77715b7f74587c",906480762.164022
"331e915e2a66fb70380282d6",763677304.978346
"3a00543fb00cbc044a5b3527",424136665.995952
"81df59c6d8be19568d16ea3e",478381883.80508
"88a4da0d72977b0c56b31061",448466947.468159
"3ff9e75c6de41de517d1c4a4",465359382.838548
"147f80fbae69dd577ff19950",589636795.544314
"78beee9b7fab8600d420fd27",584125858.825767
"c3733b88ebafc0a05f5bdc99",524364880.23602
"568509a7aba60f8fe2d0cd5a",671213026.424021
"f6d3f7e963c9aa1783b3adab",808069805.462868
"ffcf6794a400aba909383b41",795169332.102378
"fa0aa00078cc178de0cc7d96",702096245.877795
"eec51f949083f39691e37e15",741219108.412683
"26f3d5bc3adcd1396747a414",830760393.173307
"cb9e058f82b10cf80990beea",637342491.329068
"22a0f3315f7600e5120db131",401426500.981375
"bf6845aac15fde9b89a7208b",508732984.323968
"6e3cbbbd3f4d0578144cf021",354585936.352322
"98a0289e513d5ba036b24252",636340003.703536
"597d3f78e2f413acabf825c0",354994952.391103
"43a91a731e86b9a0784f717d",719542242.992695
"f34ff57e272cd08056e6a243",591469385.438803
"6f68b289516faa0b7ef36a34",457173640.989373
"8bd8a7e19b6d3b8bcabb84d9",449376728.309447
"74b64bd536ebbcd7c30ef8fd",785754597.661352
"f968e756cbe6504fa0f32458",647125702.353618
"e99d9dcb9880cbfd219b4297",742752419.246462
"4c9e6812520f4aea4ce435ae",705966966.55924
"78419be95416d2991ade8be1",423252181.309229
"d417ff438d2a418b1f9e50b6",592040967.834389
"3ac77ed776aa4630c7293240",634708619.93501
"95173735a8f6e554f083c065",829045227.311975
"83da39bc1a2eeb75e2825c22",703013837.220433
"4bf89c9e50c5417ed669c481",1059713889.83892
"f90fd39477c8da38e33ba0fb",486563285.006429
"b45bb2d0d137de6984d4e1ec",727158755.516524
"bb812343bd6cd66e9cf9a9ba",544379293.085564
"e299f614cd8ae525fc8fd0e6",733496728.279438
"521e9326a2003c7b56fc4365",794640763.28337
"dd59ac4f6706a1399360bd14",755302976.64608
"d6c6e7f923ce2cffba8ff9df",770210779.564152
"df07a34d0ee2f78f115c45cb",937159124.613331
"db6061f876f890071f7ed957",980769389.729284
"b31601cf48b268f3b4107564",641785152.144061
"3a9b2ef74c59e96a6b107357",612819722.448187
"d600310e19c926cda14ac923",746251617.634835
"183f2cf1a1c7eb9700b6e72a",807779161.923003
"42556b1bae874a5c09777873",759458016.567356
"57c1ed738536d177d66fc52c",690750547.623861
"26cdd114566b7cc63cd96fb8",624718440.350996
"0f679cc583a47b30ea132bbb",640424327.174985
"32ea7e13e8d9391aa9b7ab9e",510902999.662523
"0a482968c7cdf212401d72b7",662512274.127424
"85e4ee2583c51592d68ef5d9",501480418.016568
"f4ce15aaa352d707b68cf773",587794492.361961
"7d383abbb6ac49c6599ffb0c",690750547.623861
"6c67b1b0991a1d79251855c3",671958201.346059
"9e52ce2cb6f6b7e2a152dd54",698464774.934403
"bdeed3a7395cdb9b175273a6",764037676.596175
"423ddbfe2f575e6bcb22e7b8",625380003.143706
"3247399a31df838ec5fe58c5",970464465.495873
"bd57e5cd29d935cb26006835",680027797.032544
"bf00f36c4dbb273d7ba4b7dd",468277457.4631
"48b9efef82faf72bcbdf66b2",651681986.525983
"d2526a3e39ea01f87c99d073",641935515.39741
"651d5cd65f80c4938deb7da4",459556350.926147
"0be7803a34b11d89133beaf4",365544251.461111
"a54b0b282edbd217e9509287",516755529.828456
"550c5061428d09afa0c409f3",532559346.942695
"7538c609fdd115c9dac551f4",679199582.298411
"d7e3cdd3ac239a5c318f2e9b",818311883.372986
"9bb193ea939c5308a738fcef",397113387.60564
"33425419e1a8e854418c5180",456612828.710276
"fedf2e30e390f5cf74b27e97",408304808.803516
"024c5c787d005adbe770b9bf",457173640.989373
"13f681a090b36edf38a4abd0",477278252.372546
"442c6bda79f63bae28674b1e",480462451.099413
"47e0c773f65485ab7c78d49f",449376728.309447
"9e30b310c820d0426f504d90",440940406.191649
"8cdfda9067e0934a8ebe0894",587079962.462403
"0a8aaa78f68d43e3b1bf6c51",530111761.744663
"1101f533fd18cae5d32c1cbe",499751018.536694
"9f6af9ac2404a8d55f24286b",557169850.320824
"75060f295e0aba8e1224f766",524939060.505845
"f0e68102ff84f49d90fe38f4",569838856.892768
"3c45bf3e3e31e7804ac91704",596537595.23832
"f908e1de4c4be0d77411a998",691235154.497449
"ca643c04044fabc6fc566d12",723394129.12193
"8aa76df8fea21a42fb6229ff",635917408.628434
"c214d2383936dafbe0652c51",651681986.525983
"993898470c6676ce46ede92d",652549670.316371
"18f6240cad6e92f9151099c5",633602920.16691
"1e63fac2629793fdcb793f1e",664688642.956875
"e0137390f0186c98f4e91263",636172942.370051
"e35f95823a486c52b0f4c2b6",653299839.436835
"ede10672118071a215ae09fc",679155657.85958
"fcf46edf6d612ff1f5ed6134",747796739.880321
"df4be33c0931aa86231b7a2e",734585230.990637
"53fdb16ec08e794dba9a10ea",667263807.814907
"74c24c5e142e5267456b24a7",680027797.032544
"f1bc08407f40396c094e0499",756905343.998876
"496ce19c015093e97144d375",668268767.674776
"a183a1c009abf7251fd725a1",770704699.597156
"6bdd97526b1a9cf10853df1b",792285911.611576
"f083a8f187e2227696695ee1",753142113.414766
"2621e068043a5019aeed6c8c",762624315.436506
"3b43e7acfab46651b099b1ed",696406092.36519
"6565b3281cc2d632febbb6dc",821559510.422854
"09e47ad8508e7cfee83c6d68",840567061.38649
"88b02e7b20ce6db956afcdd2",767077848.161321
"bfc41facefe9428865e4c29f",792708243.172652
"569bb17b961fbdadf7106d56",836405281.61653
"2314e3ffc7242a429e00207c",755352093.864231
"4bc1e2cf5e5ffcbe1020df08",829045227.311975
"949c4a5382aff4750b4dff83",812144219.259677
"a63b4a22614d334b4a61ea16",959829591.325634
"734fbae84cebd50aaf71c48d",693687259.478121
"f92935374a7ef86314223c5b",1291238646.00863
"6cc8e22f11d382206273af23",644420716.545011
"701768887155444b77c4f446",416911949.520744
"13c86cdff4dd32a9f8b9adcf",778455015.77053
"8002e2cd1b70ddcae88ebc4b",754261053.025627
"d0d77497c8a7d567f01d3afe",638913290.718473
"95a7b01cd60cd10e7364a600",513825953.241972
"d1e38d7cbd32567c874e194b",513825953.241972
"e674ba41f9657ac8f30d4f7c",504909429.443137
"6bb760d54e5b0f54d9612a8a",798981996.972315
"9e3bbcdba89c647e4ce53182",524841119.022902
"72927abf4bcd53d6907aeeda",771660249.365429
"aebaae467e5f01db3afe69ff",532107678.145446
"3ad457c8855ab8921a7974c7",797455017.63642
"1f3d3fbcb686ada1a96e01e4",602323964.88876
"0775d831f68b88ca59eb871d",754772165.758628
"5fa3b0993cb43d3c72c30093",651681986.525983
"bef19d0084cfc9f6fa37ddd0",598706702.912055
"85a856b4d0dfb1fae861f513",640424327.174985
"07fa1ad76017843232107517",690750547.623861
"4049086139009c35dfebb3ab",603032865.297469
"655120f80a39c19221623311",646062407.206955
"71dca93007d6ba45fa40eaad",661319869.863245
"9f41ce015f02d67e193c41f5",393198665.304065
"9017bd24d173b2fcf564b32b",718517027.721381
"e5ef29d41082025c42f7c921",572466026.935062
"5c60d7880850970facc54bb8",736719651.350821
"f51fce25d8376d48fbe73a43",483829778.134506
"9dc7b0a394309d8b76d0bb7c",783261977.046362
"a12ac99bf63b547fd9180a79",742815697.258235
"378d846a7af35e0c3efe53a9",753983587.776229
"0872198056be7edd5eff220c",762518101.622365
"efddad1eec775ce61d3b7b64",758419235.842847
"70c19d59c6b9e194b6bc09fe",584861331.369595
"b0d3d98076883f346cee8d04",753143735.809082
"c7694e92a97bb66794e62fbc",594172701.997323
"7b4fcc72822460a428c19282",842205584.94451
"a6baf4631223d9b24de8b590",730056488.551942
"a6f616d63d134f14ced205d1",764792386.127541
"50c123baa5783185ddbe29c6",620934817.321121
"24756921525595f1684929ba",491227398.792597
"caf9c761d21329c993a0bdf3",572252147.102395
"193d70ead1ff1043845e7671",507181500.193588
"62ea31859e01c2f4d4e97baa",558185114.704572
"272b5b5c28e46c6f5ad95c22",573713961.327326
"552ab0964056c1d1d1b7398c",596366044.434319
"23799891583435710f66303a",612096641.439805
"34896afec0b639648c527483",619349790.715377
"eaf53eeb911ecbae638409e5",458274797.872789
"b1fdade0fbf0470060fc2708",452868163.680632
"8a20478528e97700dcc84abb",603284183.58519
"702525f05b47353c95b0905e",620785500.630096
"b84c837c5a1fd0f1ebc5f8a6",572756694.410074
"ee2d16316e6f4f2388494c7f",639456405.611445
"ea4af07bef4ed93e81ded95c",630664473.977125
"1a71d0d3503f9eff28acef6f",766253560.314233
"1fe392004a09aeeaa6e8bce7",590045015.159367
"46d4b0cdc81137aa56f516df",734309270.19779
"4d666967b74ccdf5b04e9787",390649598.025864
"fcf79745f8cd716d3ff9d27b",677163303.457512
"aa8a19a2fd3e2cfeb3b7dbd9",593270231.861121
"f055602beb49dd6040641c9a",616189032.35975
"7b1377c8d81755bb9b501064",580225250.924674
"17d0418e4a439e9de8006f5f",625518538.473964
"48f1c6e343a4724ed865533b",666257204.459096
"353207faab3dcf10feaac8ee",844616659.251143
"ff188e88378c8e2abed8119e",630205687.589163
"424b41f5e01ea2e2ccd3ca48",602190469.569849
"608cf4f46a188cf84f853c72",561658720.641755
"f9e7582dd99d36bfada56249",659578003.432636
"d52f04fb69bed41ffb10fce8",745476484.282772
"ea84b58f733c8e491db98a52",759458016.567356
"68699eb9653684fdd3fc79b0",624718440.350996
"31f52502e89beb1b2e0dc3d3",746251617.634835
"fd41747287a480d5c4dcb56d",728838910.499259
"b7afdbc1b57b52e6fb03accf",586384072.500269
"48b270a493af4fa28dab9211",604896567.566156
"2a787b39e84958ca6b7001d0",756319913.722692
"e439c77c0d871996bf06bf88",631246370.240409
"91b8b9db5372a2c3a5c30c58",605256811.500543
"038272b33c075765464761e8",535406651.481746
"fe8e45caf7605fb91d6bc5f7",634474013.745435
"d354a2581dcb183c0cd70540",470441516.3979
"9421ce9f204f373a50357fce",421825516.246021
"56bd3b61805077405af098a9",399838635.169153
"0a606d19ae362a58922b172e",623271823.078849
"ededebb1a544fb3246d3e131",640531926.420657
"6b6c365359d20be719ce815a",509619826.855164
"b8b22c1afac62b05ad389dc5",612080722.736769
"3e3717eda8ec9a68c9d83027",569179965.491989
"03be8ec62dae56680beb2cf3",526465507.221023
"fe6c8cd2e792d62a4c324da5",580234817.754659
"f9c133f7a12f2b8c1b2beedc",505323172.764951
"4ec47b8100d224499ec608e8",786452244.025673
"143ca16847cc47d4a4c01ac0",705894229.798544
"22127243f7ba3a68c3fc33bf",580053338.780275
"835eff7679889fcff6795d8a",400709175.022807
"4ed3eb724d4e57a7b35ddf5c",545212123.119673
"4d743a1250f7d91e2782708e",527206605.112438
"9f5cf735a842860e7ac753cf",645699068.289386
"e54a8b735724b2af56c7a36e",440939862.51922
"3b39471f854357b7e5d2853f",756235734.259056
"91bd11b5a8e0c0124be78f46",500391476.585226
"6121943254877ee48716c4e1",592973585.841184
"3f4c2c98a5a6cb78d7d26327",528360524.886261
"2b6d63d6b072901effbc8e1e",758968048.456288
"7e4b240c601e37977faffeb0",758968048.456288
"ac29d71a80307cab65f29ff4",792497746.085947
"70c77552b1bb67a2a71c2ee1",830760393.173307
"54a09a85767156b072c808c8",687227050.83946
"244210fb4bcc0a04f2cdff95",822449990.836236
"9a2b53c1c7151a8b26a71edc",380986914.821348
"918c48a512fd6ff22fdce5d3",588768351.342397
"effe4219e6cb56e5ab70ff6b",765676407.827398
"936e6d2192f28a2b40939a4d",689918316.025105
"ad9a1b23979f0edd2ee19f38",323081600.960063
"8a8e4996e24142eb413c0d12",821559510.422854
"31c69cf4d197f97ac594a896",704094736.284072
"143f07eb2a8f0a9e26fc4c56",942489834.807594
"e5fd3cdc6a19653275c7f4a8",759784320.245352
"5c7efb015b8ff7f108c99723",683684064.012761
"394718d9d069a126e13be804",618559132.697148
"56f30ea777f5493139f22384",575246177.615661
"37d5a902f1036cf3d80c275b",584213077.573772
"3f418a8bcc7adfa87e0f67dd",517795042.114997
"051416c05445860d5b4095e6",548604080.680572
"887761f34ce0996bb05ac48a",703129083.097774
"e02fa06a8de8a603e417d5ad",626282842.134135
"6f5929e67fb8da068b91096c",692096766.295048
"291479f573955e063f2d8bda",765797358.938725
"e60850405ccec092b8fb5d02",727061926.230644
"464864b367e16547fe319229",659146648.599585
"4c14547b7e02e75204ca9f4a",635218368.713467
"6183257f16bce94113879745",545957080.142329
"46c34a4e5987c20eb1f5ff99",354994952.391103
"3f39b25dedb96409dc9d1947",808944632.208458
"e7a85e64ee07971696f555f2",817047837.230593
"33043b254b9085fc82ee1f7f",414135498.22295
"bd2759d469829bb8926dbe09",684583488.892915
"affae17b6cc59bdaa30e29c2",831063610.269949
"e611d41aaf38a58acaa0bf23",490252379.908384
"0de426088a306321990cf60e",709469567.978158
"685982808b30597cc013e2c7",583476120.014296
"4cfd1be6a93641b110fcaf67",513392951.793439
"68fb3b3cc3e5b13440eb014b",810476459.298057
"532bf5813d7e70958f71a480",606673471.379846
"06ee1d8f3ea326a0e3a9791d",606021998.486682
"1862e0c4d8e89fd2302ab376",813219332.831425
"f3dea3d678d959aaf6b2849f",696416193.925087
"2478e48a3c6bedd57c13c72c",508359912.858513
"efa36c7738fc14a11cc352eb",523036354.044857
"2f6dfe9443645d6629eeccb9",567090544.369777
"bc7e867cad6f221dc44754b2",622775337.01228
"e4f2fecf58a038d7b18f7160",754099009.054612
"a7620d5599ec354541c8af13",792708243.172652
"484cde8e47fbf62a339c8219",371068658.018746
"5fcd9836a3ea537fe86d457d",611320467.870832
"1b288024824312c8b1681bd9",529605392.539985
"44e4574527acc86977f5bc41",613263022.133693
"8b716bc4d6d833f9bff3e729",654050997.18041
"0ab85344c5fe6ccb0edb6313",605215044.295861
"03ad99f1799f2a20c8cc0a50",1019694916.7348
"6db318f828d464be421eb572",919936075.303571
"c3e648317c360c76b94bf541",390650585.336155
"19cb65620d2330624252d01c",387912733.922749
"dba9fa9642ebc97ccd765db6",384825235.533174
"1d2467e5f991b935d676e906",501480418.016568
"4091a115125eb4a67f494620",428376111.228241
"d197410ebc0e3b9937464923",457173640.989373
"722699e593085cdd72102baf",713142533.346012
"c059affd0c19f6d4d76f37c2",700903294.563392
"855dcebac302ec5760f67121",646590425.789664
"f433278518a80c3301f26cfa",669184828.367293
"66a45b0aaf5f696d35f5cebb",918894263.881886
"0152ffa8757aaaf417e9f997",529390081.707322
"55b72f6c7163a9b0b3b0b262",673268719.203232
"c8346a875be8391145a2f9aa",513276060.82784
"11c86230e62bd2c9ba44131f",597881576.890399
"c4b97a459e2c6d13710fa273",721001984.044295
"8bcebf3cdc54d4ec99ba0d88",408392968.280204
"ad159116d166e45b70329bd5",595363703.505576
"6f060a8ee8d6d15f46289759",547609836.750531
"ab5f089f9d2ac1bf52222ec5",488079240.107536
"f4fc2da675d6a2583054fc56",527753536.230101
"89eed91bf5148b5645408222",582918182.692443
"0761d0b7c6e319a75b06d420",581941110.405741
"ce84187750fa7aadd141b5fb",753457969.990911
"ad77298955813089bce818a2",495500627.93711
"3abe8f334f0f20f8006ca5d6",703059795.884896
"36445c32822146606f75dfdb",571409377.910872
"f9798cc6285c9fb3ed7cb668",691605729.957083
"59dd396f70b8458772307895",701204699.433264
"83e91710343450cb0812a6e4",747330891.589866
"1e7a931100be734988955242",977110835.797485
"bedc5ab20edc896f814c3f06",745146680.165916
"f884247fa6414f384480bf38",536617663.643841
"f34a38cdec7eb598e55fa41e",489880053.93505
"106ad411e13ea21ad68e5f59",776757192.518441
"a87c585acf2a147e381005f5",512543814.701653
"ad755859e7b6afbc021fcf6d",617825659.706568
"8015080cf97316a08453a9fb",642561512.083078
"f56d8f5cfaca0691c6ffbe00",653853618.266765
"8ad016d414e2d2be053d7612",588975100.285066
"8b91a957eca1985938860c28",555715086.464594
"20bce83e2b75fc535a148dc8",628145721.867177
"5724ecee1b12e888d538c1fe",660999711.852266
"1e90d068f3c86c6f691649ff",503290064.715922
"0fd954262ee740999c31d407",581201027.11643
"a6d7b144058ebc326b9803bb",775853267.402449
"a81abab882910584371c7b66",620298768.50985
"9e41c4b41cbdc2553d80e362",578033994.142604
"b6fcc49ad3656cbd3f4c2ea6",623176919.850878
"9a296eb9b63ffbdf2a07cd0d",748626163.788292
"3fbc0746bd620a0baabbd859",589636795.544314
"3043d0b025fac4ed90b448e6",472329349.975788
"219555efc5b4291791143252",402233968.998648
"a00863c7c53b2c059ce22dfb",494575452.83705
"28b838c94d10823ceed62e0e",374203132.64526
"7e64ab35f5e336d5bd2e1b51",588929227.100377
"52f24ab479fad35c8bb5a8f6",391640355.140902
"0d1ef14606c58310cae371f2",504238912.526703
"a465a567a4f60ac534505bdd",606008548.003138
"8694b149f7c0deadf820f0e4",630664846.285086
"16d6b756f5ebcacf221918b8",554913414.720298
"7d132190218425df1857b8b8",771008494.502963
"7c7a3f51a58dfd1588d7c088",376850450.576053
"64d1c45a2968b0fbf0eeacaa",674098611.02278
"4fdc382b65441412fef509ad",628306111.087492
"04ece9352b3810031f3f9a90",636198799.61887
"8b5b351e07a26c25cf51e176",461289176.523826
"f923bfcb8cdb543c23bafd52",538866488.092603
"a15a12446d2e5993a0a6c423",528512482.060994
"ab3e1642655f7e705cb047a9",538866488.092603
"b62fc917b3e8ddd64bb81018",450247821.887972
"835842cdc8ea0a2206c2b46e",553060874.949106
"02ce5bc5d5d286a4cc0928f6",609153993.565561
"d8e51f7b40bf1887ac007163",603868972.274044
"90f320e94aa429856e37bb35",513861363.03761
"967a7676754d6f9aa3e14473",609676954.334389
"9251f3dafa0e747b6e78f295",613889828.654089
"17b5e8357e17b516d947ebe3",620372014.975192
"f943cfd29effc9c048b8e106",692719997.941684
"41719542347401b04dfbaa59",704173969.626528
"bd6ad9a9ab28aaef9b4955c8",604667558.548369
"bbff88040e5b20e874cfad9a",607345383.210865
"3d6a9a4f2336a46eb62e6a47",680941815.935286
"493367258be5d63dc8db97d1",680941815.935286
"67cf2149b4c214da77694088",756852707.585395
"8d2e85825e95f6941445cace",915306314.92595
"01afa737bcfa6b1ab530eb09",757325468.618893
"25813f7204a2e796170c4836",391989737.917254
"3cb1773d90dc240c4ffed5c4",613049250.400151
"6c81a0b90366db9f514362b4",613049250.400151
"44c8131b88accb3b46b79ba5",472521641.95358
"ff185be4fdbe3790c72d00cb",511501043.126529
"851f50292e30b0a464c0804d",549791213.09743
"6fc2a4f29e3b896bce631ee0",484892038.089782
"cabc4fd04b60a66bdbe2cf9a",641935515.39741
"61e9c2375626a18bc9920c5d",598470812.104892
"396c8060d9767b4debf2a54c",626691847.290351
"92ba019bd942fa33ab742924",542828105.278765
"ff71037ec8e5a91aad6f0686",750762269.51084
"d162a90b37622c1dc6550690",364795898.641969
"e1490f0730f8fdc36993027c",620989986.956314
"5a066d6bb65d28c2094051f6",692261771.104512
"9c7bcf000cb37f48d9f15422",522780853.268038
"528a6345df87dd0db33bf822",683881206.348142
"579ee47bc31f5408314bca28",762624315.436506
"eb61a13df1c8d8d0efc4db3a",417755989.630178
"b649d315ff3c97c4e8e9db73",510902999.662523
"d8dd26eb78ff22272358e302",517176257.760729
"6ae2221c504027acfb7368e8",563898887.933574
"3ce908c9b70f349158f7d04a",570545973.901166
"7cf74cbec871e465ec2f6a61",570545973.901166
"02e9b077d6cece81387fda35",781913370.544741
"865ed399cc344e0638e45128",590131068.680989
"d9ed55fb72efda67f5144330",757355152.055929
"9fdbab0b428f19e7e8dc35b0",840444097.583711
"c061b886b7136a1b00c8ea2d",961429574.177663
"fd0f6c0b5234ec1f6c7d1fd8",1126858552.19995
"9df90c0644948ea5539939eb",735097020.097327
"547661e79bf0c62cb8de63d1",450020189.685897
"68963f5f3657cb64276e3beb",787409443.400573
"cab0a460167bb64c037cf25d",563424957.991191
"31977cd5d4c09eff149e74ea",780695536.84462
"23264fdd1059460e079e5810",564561638.306569
"4769743185eaeb0e4158e0e0",523739659.140117
"780c809c52509bb4855a4efc",513441401.190146
"f64d4e029592761bee698958",405061862.948596
"be364e85b988ef8627ece74e",391498468.918776
"c73c38b652e9418f06f89b67",400489468.344414
"213032fd36fa1a6342570158",517735550.273972
"d519a8de5fdd1a84ca1baac3",661973666.81866
"df91a494d5d244f20dab0eb0",501480418.016568
"9be92b361ffd3ea2c69be23b",468323478.458908
"cad16b2ea432d926d961109a",612819722.448187
"56b22bd973f94a4bfaaf6b33",451560841.556173
"84114798ccd01ae3dc97cb27",573007680.374407
"fe2bf1f402addaf17a213030",679307297.891125
"e01c1b69abb6a4c1c69c77d7",690750547.623861
"24671f63cd061228ec0b5b9b",605941213.064504
"f54c16df774e70d49355cf4c",640839020.567739
"5537b994e85c2688fe555d5c",553507064.750866
"1e5919cbe4373aa261d672d7",510902999.662523
"cc125d0f70d6d0819d6d90ee",558122332.390753
"51f94ebbd6d2533862a1fdbf",693224804.02101
"fe409f9ea8d18c9d9ba4d02e",504297732.234214
"753b47e2a3b9fcdf9d7fd9fa",485517290.051432
"6bdb3153f267395eefbf588c",442027631.764381
"9bde9f216ecb90814670e87f",600367046.467381
"7f5280804c59f56fba3d6201",485111737.356463
"ceaf16e097500022498950ff",578643318.08156
"aef06b27b0a080b5ee539b6b",502016062.982313
"abc668bf93ec7d1951c65cf6",504297732.234214
"56822f406646f93fb39d9e60",516878781.445209
"2690ba8b22a95cb837cb87b6",553503460.129312
"180172e4eee8ba756207b3a8",627264618.073833
"c11cd2e00942ffe56db5ae88",698464774.934403
"75a287d87aaf6ffe7b6db546",455383737.443884
"08f35bfbfe1bd663c40d9e54",454616602.665696
"c2bbdb2e5d0191071e6db37b",714010040.852015
"b129a508d1d98a1b6dd2f61f",553781241.348928
"335626f385c28e8370c207cb",614792201.50858
"898ed7299f0c7b8a99e4877b",432746427.850862
"a98022fc80dd6ff27de693f9",546517748.616897
"a59f1631e721d231eab4d146",685097425.17243
"98c9c866109bedd605ab7dbd",765677100.99171
"cc9743189c3671adbb1be49b",674201861.991022
"e22b8126863c9ca8fb04df9f",637729212.523766
"247715511199c5b680088b56",640424327.174985
"6e51ca1a9c2bba9fa0cbe5db",569011925.603317
"ba8d6800443dcf95bf9c1037",724548957.458772
"5ec6e033b9dcb454c57050c3",731234573.885284
"156ecfd8ca6004281b191db7",746995597.87059
"edc3879a1102740f2f96227a",681071203.266741
"c02ce25a3334860d3bad53e8",765288700.95341
"d041129f83f1f13fd7b35e4b",645046169.899646
"6946fb4c877f35e9215ef4be",715282057.085655
"ff2897a56a0fd08996d19424",753027620.374075
"e1b64df8e809ba220c9722aa",623042148.415552
"c13263f9c8628bdef086106b",700713676.32397
"e2b8d1aba0c583984aab25bd",634708619.93501
"3786baf40b31a20f3bf3aa80",686348449.529665
"bcf12785c25f6e600eee8fc0",658502941.404433
"f85d09bb2ea40bd4b68465da",759458016.567356
"1f40dff9a973064aa4737eea",746251617.634835
"79beab95c6857412ebbbdedd",746251617.634835
"5ed8cd2cf2c6dd5b5241d6ac",624718440.350996
"ca8dacc29a57d39640e3e59c",898839779.925696
"723655990d58df33d55009b5",694491200.441469
"79a675215fed2e293b27f43d",768748517.643477
"57999ba0ed9089739a1f4de1",795169332.102378
"00cea81b78d6007eb405d5b3",762182867.041917
"c00facb3e4cbb27c47a621db",811371377.156029
"d1481d9d2bc9d1a3811f2faa",856791404.120515
"26313750bd29b2c59a81b58e",831885222.503129
"2bbbe93b615c46483056bfe6",757835610.75009
"0f8fa0a074b743c92f0fc56f",810000450.536272
"b925f9ef733930be26417458",831885222.503129
"0183b38955437e8d0128a013",973316942.275121
"1c9f65b631d2f2856bc97079",970464465.495873
"c11d82cd360eae99c04009b1",728838910.499259
"4a80ffd8e908a3291a32fb6d",757835610.75009
"1a0134583a5854d5aa9cdb9f",804381550.159549
"5f5346deedcb7cf5dcd1e9be",733521054.380836
"f17c8b14e56a76ea84a45fd6",824960113.457129
"b8ff548543842246ad439703",690750547.623861
"53462704cfc47d32492b4847",610766889.96592
"25f925538316d3cdda8218c4",593017949.922315
"ffe653c61bf13df43fa22190",407070512.829136
"228d98c82021e2325263c7d2",471272894.619811
"f32a7d08d176bf9177dbcab1",522135188.022413
"f2c86c1edac4eec6c01ec11d",483910232.960597
"06e350e3c733e5a0afb613cb",534904138.44469
"e2544529df4efb7e90afcd21",528271285.203192
"a639ec3b943cf90cb28bc1b3",622356631.206258
"a1320186028a726935bc1cc5",767402769.28619
"97337d2f347a50e0ef518516",720587610.034207
"8f619dd7fcf5e1a17af301c4",639670712.570253
"72569ddc5828fc702b2fc773",847547371.12951
"ec674ba8cd16c2264d270901",676517343.299884
"2b05f001ed1a84425a45d0ac",598632162.232836
"0a7758f69ddd8fb27a839661",552595601.902718
"e3ec7a8fba3e1ea07a135dfc",469073647.579373
"4163b665043ed27d7bf26c00",707339039.740528
"69f7b81b70ea61f304ccd36d",832347140.997122
"ff61104cbeb37f077c565fd1",632048957.011852
"883ee78c03efdb4bdc57796b",474757820.056347
"fafaa5dcf66d22bff322c72e",467542944.191236
"eaf0f2b00b6994a9ba8c5ed0",396008625.897196
"9b1590945c0c7f7b0704d287",655775058.756106
"766d34ea891f3af53f1391ba",511480875.210963
"b8680f925773229571014e61",790262891.110919
"2fcab31c752b699af5e8ce8b",621253587.545229
"96d14697ed6847ee757d113f",496446886.256556
"ded79c11c30167a9d8accf77",380258664.764313
"ac50dfe70b599ae93ddee4fe",748201569.413855
"3fc7a0f9c30978f24d688fb7",758410528.308745
"083f05fe52ab15e8d481ad41",758095909.283324
"075be16d8d9ed6831d139b2e",650711816.200871
"ffce0b151f293cad0a6f770f",829729975.682582
"5997da918101ff14bddf20eb",653299839.436835
"e102f1d841d7cdb596d50624",456612828.710276
"a2c3da753f0116aa5842d4ec",758968048.456288
"43228eaa1230dc0f7f1473df",466125705.721228
"4349d6bfd5a518fcb231cb3f",766656386.460709
"c6c978051fdc655d21a370ab",648987054.401917
"f4cdf3ff86fe70fae3e59f4c",768571659.02417
"ac154aaafe98dae45bf9782e",318822911.75298
"01f6c99999c154461765f4c4",692248919.316952
"d7d30819fc6ad6e7e41453c1",754278909.078367
"383b3198861942064a63184a",411608094.550751
"3a2f110334251e97abe3583f",416911949.520744
"9b9db425b698a4931173b5a4",683208103.956395
"3b51828a1e891f3a52a4653c",683881206.348142
"c94dc49efe0a350bb522a56a",521268282.535297
"39e4765ae5c8284e1f3f618b",570545973.901166
"04b28e63fbba92daf83865ba",815101282.13309
"b9643a26731cf2a9a243ef33",650776608.031906
"19e03fc1a7ca4b0761eb9ef3",686705956.823963
"c0224f0cee5a388014db4f55",707024247.587461
"c4074029fba935dafd82eba8",405061862.948596
"0a8d749a2336d8f66a4f19ef",380115821.242823
"e84da6ce78339d50a72cd87d",402337641.152086
"e9830411c3092327f4e66a99",529365191.415599
"17d51fdfe8fd16185bf5feb4",591296704.686598
"f07126d58455b20f547c4380",507475364.313503
"8fe7db56d501b9c11461f62b",529445795.845431
"1ae2058fbe26f384be45df4d",595363703.505576
"e74a31e6edd4459d4e215c5a",530755063.064481
"c91945dcab0bf200c3ef321e",568917543.951619
"933018604a8d5a9020aac221",625154484.860327
"876ebdaa0bc953890e323843",632823646.65222
"4fd907c202de4f06cade3b3b",678330372.424249
"e40f616637f6187024b34086",658721386.657721
"f9038f7e24e0a29bd9f3e24d",619758900.725134
"b27fc4e7f6042d70a7651038",632259195.565723
"e68b18b57fbc5fd6cbb477e1",756122801.086779
"326a82671272d893ce699476",595028473.859943
"d2655e69f5dbd09ddb9268e7",674487107.198284
"440cd2efd45c019c7151902d",930569406.863894
"e5099db945e4f04aa3f0bfeb",498229585.781505
"3477d85a434f66df58fbc094",491710410.418307
"56991f74ed430ed942b2d6d6",510704492.533145
"7ac1b85bd87929705b7a86ca",501444231.790956
"0e1fbbe248919eb71e53ea75",595363703.505576
"75c16273d3a593752446c27b",666006338.193035
"7e74469fe0b030254756296d",630548416.543633
"35fca2d53ed17ea7637c528a",630548416.543633
"963cc728f3bc207a7ad74ec4",768265124.227674
"fa9dec2129f7218b4c4d4b35",626253823.621844
"1d0a6bf40e609fc74a319310",598414612.995492
"b9551c416341fb167049d4ce",623621654.421035
"89131a0af2db172538723b08",489415079.763601
"3e66557e876a876c259c40a0",484892038.089782
"078144699729ee0c46f36123",752298603.356231
"fd15189b99da46b098a949e6",522802146.061905
"d69209d7a26bd306bde5a37d",655470738.100547
"89690c80b7adcb8a8afe531a",513641514.754309
"0e0d19168609ac1d75253edc",532226136.728352
"6cd0aca2bc40d83473a39885",538528547.732128
"6ea0d50e822913d0f444d89e",611666288.526027
"39579c195f288da8d77f5ce9",610840734.00163
"bc54f5dc4e9ce267ea592813",509238656.881879
"1d43fd3f7fb4e24a0b7c9ec3",502861456.54681
"2566d8588566312ffa4fde42",946333622.967924
"8d27746cd9d2532fe9cfc408",527379068.966073
"95b822f76b4d3d6ceb0c5077",678535832.813697
"eba86391ca00fb217ed1f774",676990710.568211
"b9a0575867a59dc5dcbb9cce",531413093.000867
"0845e73ae95dbd4aec3f1f43",568715911.032109
"419a2f823e87ab67b1311bee",762630018.340671
"552217c633d2562cdcaa81bb",664237547.598561
"4fd7984773d2872e51574ffd",656340869.529027
"a87ed2154a2351cf26f0027d",646557393.380297
"a2522c9d3edb7e7a23a42b74",912422563.935964
"357e58ef96c53f39e267b80c",830760393.173307
"cf0ca58262feb1f8b0dc7b68",852872000.381155
"1cb79aba890b35f9d2a400f6",654186429.039405
"d5c79ef12f43e2bc19e22fdc",607821400.873184
"776e1192349cb7cf1579056a",606378219.521405
"7de63633c7666484bd098e2b",444886132.941655
"ca1b1c17572f776fc1059691",592977190.462738
"53e94de217ec45ad576fd83b",669118229.947244
"ed5c3d2952d2575b1bb757ee",589642199.087246
"bdfa334bc331e3e547f7568f",758095909.283324
"9c6a01e3c7ef87d27185e9f3",768748517.643477
"05d9818d3f9f2a5c358d3911",676951984.8405
"f6c990e406b3756ee39b3b30",376516473.178653
"19ace6cdfbd8bed6e99c86d9",528152870.180342
"6a04f8684e083eb6319b5272",614452744.716162
"179bf83034539c8a391e0310",563421062.630849
"a42081eac6834da0560ea4ef",599119878.170822
"784fa9e78f7cfeca4133e8ed",643498841.188136
"978edd828fc71300e6723e06",639066719.093254
"61d6969334fc63611c810e2b",680074808.219369
"4d592a67596afbca92d26bcb",622438664.751369
"50f8068603edac10c87411ec",621076183.847481
"9965f598c5b95b3cfaac50ad",644492731.776517
"66cf83769d16a4d659edba6d",723932212.668235
"9c2c2b01934d1d519e651786",637243514.83949
"2b4913f28d07628bf2d3ed92",979395523.959841
"9baf7967c49fa209de8dda95",638080919.637011
"7a0f887a9426270ff3c24e36",699577959.705219
"c1034173dda31d20c4efbed1",641231124.274894
"c4a3d64de5e401a86395a919",768941852.05934
"c4cef41167a5e8354a61feb4",631246370.240409
"f52226b24ca3d5b04b7cfcde",641935515.39741
"36d5003f0b5ec7f80e89262d",761554238.459333
"641600a4cbb13b35dc7913e8",840567061.38649
"c31c4bd09d8cfba562ed2b41",649000027.0221
"0df96c81adcd6fbc2f7141c3",657097596.64052
"4499adb2aa3aee94d1f1a1b3",837274831.736837
"4ec06163d39f96baebe11bd3",397099688.480055
"692cc1c9949d35ae11412fd6",650240665.751289
"f1da5388b772159ec90c3210",609398222.874877
"e7ae63f81f8fad37bb9c1b32",505025327.604765
"d39797a12d9a4aaf15ac11e6",502912856.800655
"efc5412fb02ba9d8f604e493",649182401.915263
"bee2e008ee41f8a711fb8d29",631100529.512566
"80279a7533c44bbae477ea4b",539531266.261413
"edc43e57b2905405a13f8f3f",403090245.67197
"751795587d1396e0daa25783",477683006.857919
"6d90801ea8cbc12f9e2131a3",449376728.309447
"71fe067a5ae994180f530686",449376728.309447
"2e99240e23b0542f1cc75026",442027631.764381
"fd6112c82d5808311b08e29f",443560942.598161
"0ac639a7c5ec115b3df8111b",469476206.523208
"af0cfebd54f32b9b92c5fdf3",449376728.309447
"b0015b31facc48a49f1313ef",579517093.054292
"2347f69ec1ce4a3fb6989eb7",781747253.019844
"209bf65e11bd7053d9658824",667728765.428528
"41877a677d1856bf609515fe",667458744.284198
"cf60297d9d9bf1268f35ad95",690449321.800766
"a33800eaaf178e01558ee926",600813754.650823
"69e663ffb4935aecb875854c",588317008.743751
"595415e95e075b70c39d5c5d",669535051.140825
"719679261d84d6b93035143d",702674667.056525
"9f149071cf61295815e3f875",898701220.181788
"3d24d985b95a3e200a734bc2",733073074.889342
"bbe705b86c6ed4da775b68f0",395822180.220568
"e1d875468eea7b2eecbb49c7",661319869.863245
"0802b7e10706252dab8db909",640424327.174985
"2f412384597554f3dab07985",771660249.365429
"da8b5c8a320821ab8ca00a80",795448870.885025
"0f10d20cff5664f9564bc88f",690750547.623861
"ab8699d3c685fa834d7ccb3f",798981996.972315
"85956152686438c48c52e018",1092441937.94801
"ed9c4f4e06183b15b877f077",725413574.219553
"12e32a758e15fbeefa255207",753379124.025008
"22cfdfbff44541dba9091753",647324793.47321
"314a1e163d0b77b0f384da29",416266714.210949
"23959a0f6e27c8c2b4a7f436",633725214.951853
"6ab5a87a537d2ce326c867c1",700949872.497529
"d9ebae84cb53d29bbd8a466e",551959423.756696
"9511afb73b656135daaceb43",799038926.71195
"9231ec89e58a3daf459c5b43",841649479.841362
"8d97cda83fc7353a86c9393a",827595524.738928
"3b380c563ed2505b7630feaa",803846138.057261
"6e5ca223128fa2de422b4009",454086142.599798
"ee30ab004ac5270daf59758e",637837660.673132
"d6fee4f680569a54f4267215",646534201.315844
"db3b84e5b3a9097392a57319",575231824.709893
"cef379fa831f936cad745dbc",587079962.462403
"4db8d32011163bc4fe01d02e",435393754.342335
"f842221d74340270e757fd41",633602920.16691
"f6173e36f95ad05b8e94321b",652549670.316371
"5960f14f2a81075fa66568f8",455580689.110327
"cdeba97450c735185e486eab",603205122.940352
"f9a802cbc802d49a087cf23e",835058266.005349
"6a9ef848f22fecb9569098c2",674509431.53877
"f3986309e4fc4cde2b5feed9",765748812.717587
"6c3435048735371c36dd3892",750386121.192902
"f019dfbfa7fbbddec988fb25",668216486.612138
"4526cb4a2b8238dcc4e496e3",920604279.031364
"95561bd325f60967cb6653dc",627145185.298566
"9f3e09a3461bce2fee7e1c40",791916032.755463
"1034b1af0331daddad70f3a5",561938841.917307
"3ee9cfee7b0acd482672ed47",691407267.96783
"adb51a572f3198367e3760ef",660795303.394395
"5c802e198dc0906016741026",474757820.056347
"671603ba1f755be5d7219a01",400388663.80795
"001d77bfb387bdf0b53e9e83",664624610.572199
"fd9fda1abfcdd1066a177e14",534377064.446374
"e1e78f3432ea2dff6b69c6c0",567833448.471471
"378e6374da00b72bcd7920df",593923394.812136
"54ec4fd8f49c897c644ce83a",525955859.101944
"a67ef3a182aa268bc4d9ea14",535536841.956425
"8100a4b0288d5d9d9dc86d2f",582108455.616004
"699ac8957d9b4eb7fcfbcc40",495803933.916583
"7b35a3e9f3e67fa1974f5c25",664161142.866503
"6e5383a7f9a68147c2788565",850232530.050498
"fca1c40a338288036b1eb25c",785499970.069305
"237da4784755f090c89f07be",735641217.898751
"21a7c5d6ea818dfb25077e13",653059338.741347
"0cf7dd52e117832b4698b310",629203902.731526
"677c8056695a5a539dcfa3d0",599288077.660895
"e4b85269ca413066323f66e0",684804141.683607
"9019f1dd02ede61479b62406",728316813.334318
"958f3e102c6ecf5f6386a004",638668546.327877
"b05c741bc5013a7a6abd31d6",638668546.327877
"2c58f2cbd00035febac060e1",755322974.057457
"89d36acc5f617a6a97e02f23",467163125.518122
"2fba6801eb9a7bce7ed2c081",543708116.477808
"45ccde79aee811756030903d",685189447.213121
"5bdb5174517b8faa23df9587",855044099.697617
"36a11817b32bc24eda6ec8eb",602323964.88876
"f1319a9332946bd68db250c2",490241013.190444
"39f70d6b68b22668a0631f37",423650413.298692
"3958d0cb732f3d623764be54",417013147.451344
"f67028acda5ecaa4c8781ba6",512851079.040129
"76f50ce5f30cb96d48a69357",569179965.491989
"9e5efd4741a57b9af54e9265",514983429.362019
"8c45ac143f5cc43e9249c17b",501095848.134678
"2a66eb4d2a205bc4474c0afa",626018186.310011
"85cf1ee98e1a85ff4619e27c",655245494.773313
"84c2ab0573d3cbffa0be90f4",661319869.863245
"48976c41de22ddaea3f8c296",572138925.780212
"001c03f6103d35389825b62e",633899734.931919
"ceab390b6906d5cbe65fc402",644411080.63627
"79f989fd66108a2c38a9764e",715832850.934208
"cc385eff95aa00310eb22111",685890765.447569
"ed764bed1d05cb1e9a4e67f8",845680279.252701
"857c5dae475eadef41c25603",661110132.506771
"7148b0d9e2e1e92d41633230",634443220.478662
"7f3e02524981fc7e40eccfdc",510902999.662523
"ccc625df8f51248e3dc93214",452144559.001028
"b38776cf09ec8e90fceeec84",462589317.065275
"48ebc3d79e01061c926066ba",456612828.710276
"9580bf8358095abb15a10c36",413090915.807746
"d26d35e33a0cf88f735a9322",587079962.462403
"b4c2a0a1a63d35a9a08a6e15",907340410.632907
"1bf1913f806bd4b461233551",504835910.985971
"34d1394dbb483e55d1cc2da5",477408655.733336
"7bef2da7f3c160e94fe91ead",480462451.099413
"528014ff6b7cdbfc174f4fcb",513903161.486636
"bf1dae54bab00fcd3e8c9ce2",620346615.664941
"f270dfd9ef449a02b6d7ae2e",582165803.489818
"31d6f089626c4fd08536fac0",581941110.405741
"259f4f7fd5d851be70d63633",612788113.976233
"6b74ef5c8ab1df614bfba866",634708619.93501
"7ee7fba3a30e0e7c2ed3043c",649182401.915263
"b24bd44eefc3ccf053939dfd",709666334.226587
"0545fc14aece3f37864ced2d",693224804.02101
"e07eb36210e90ef0419fa0d0",698254048.040586
"3991b04509fa61b36a8f7d2a",690750547.623861
"387af5fb4b4a7f5c3fdcce57",698464774.934403
"6852e8bbadc1a9f4fbcd695d",775355752.184519
"8c3373f9c0372b87ef021512",739494443.096987
"6123a0dd128e45216f832e3d",613967928.400819
"0913364c688d7375d0f7af5d",501480418.016568
"8831ae77efac99a6c58ce05d",651681986.525983
"b6283a5714e0b977110318ea",477309013.964773
"d2d8f5356f77507f8839280c",663715264.936441
"f36bb15462fb29f80b127458",811371377.156029
"7abf9cd6b26e2e2bb6d91e5c",647697918.422466
"1a5f6f7e8b7af9d48644f1e0",793415279.74807
"8e2a5f8431996ae0db65d0be",636172942.370051
"29535d858fa3a11792697820",820986722.803049
"8e4df02eee6cab9bd1011987",635069789.428271
"5a4039f0ca12767138ae585f",399206204.406934
"d84248b3ce8ff6f5fa480a83",379209802.213691
"5838e86b74020a5bead56161",446866677.504784
"02091877f01c926c350b013b",409419716.361526
"df298574e35dda90fb568023",400364812.501073
"d8b83253855448caa81f7780",385469863.566091
"1163ab2c0bc8c998e121b922",405050226.236846
"14f9ab54432e5f54a50be4a5",386117707.645029
"f4e0fa1172c1d4b70b6c4d73",445062944.880507
"4345863fe83682f6091d8a77",570421988.56914
"6c5bbbfa3a1515e5cdec9ae1",526352002.924336
"742da63af109164c21dd57af",511945002.744421
"fdc28a68bf8a5bc86288b4c7",505998659.084161
"0f4b077de4ba5f5db6fb0065",520667574.729733
"320ff6c0320674fd278f6fc7",540246082.768388
"6acf9cef08906fe569c38572",492239167.533243
"853febf898a1dba351d6f917",518607165.05791
"8ae41ff6a828f175a9f628b2",501110454.463548
"56ae6108c1b53c649da2f6ba",526352002.924336
"aa990d4e5f1a0fc4f0bb29aa",498860407.680638
"cb8b826e929f4f8a8e3687bd",529507186.067373
"b85a7389bab2e651f05369da",518526318.287112
"1fe929afafa91bee53df4e86",498255025.858581
"02e89c055b7692dab024defc",492405370.524189
"66bc6e56bcac9bfc4a7341d8",677938507.781172
"63cee15dc4a6808616a2c2e6",603863588.720651
"9a889078a0225c013570609f",659059110.312563
"3548fa5ad26ba2ea999380a0",639456405.611445
"d9d8aeafa748f8f1ff2fca22",660147691.150113
"9e2c21d635fc25f7790cafa9",728383080.600883
"f99adfe85d32b0a66f4d483a",621293404.739646
"eb64fd330053a41ce5be4a7e",607370655.315028
"ea8d704272b2cd066a7e7867",668744847.302048
"e7c92ef9784a92c8b7fca693",628467994.247884
"a9b83e18ae78d307d1b39b15",645731448.246908
"ab8d6823d905f1f0ccf4a75c",612784799.199116
"8447ca83d928dc34c2e7f9fa",616020815.603698
"5bd24b842a67601630036d0c",641785152.144061
"38d5b9319bc16bae99fe73b9",617312802.766945
"e1558509b120809eface5b87",657947928.195444
"4b8d7217da1b1f225f254914",593479765.938065
"09e0c3a1b90d46c361007323",607370655.315028
"d090a9e520ef74848bb060a6",623262331.009815
"07284e4caec09fbbb16adf2f",635767441.997824
"f8bb20be599b79cbe29f36cb",605555264.250004
"07dd30f04c5953f325df9aad",635217728.605476
"622872d345b4b0d9c1b9302f",635395567.086438
"fc9151dd6f8850502c747bab",689949228.139113
"0fdd03a2dfb18e323d96f468",600623938.334976
"ad7cfe29b56c915dd016897c",670387188.346765
"f40a182d82c489f55c64ab7b",737845162.640092
"fb06aae0e711d628b16eb910",745214621.945394
"7dabee85f750266dce02399e",803570042.914034
"ebcab2f8506c64a461591d1c",796944106.300052
"340f96c7de105aec5b7a28b9",899043965.876951
"be1c6023731fb633c4f41f96",400362764.95765
"d6b051fbaa13e3d92a798521",745191762.166648
"bd04c8b6b5e381cd5f881379",610555716.790665
"2ca47f5c36ea5d1cf00dbd2f",554703595.357875
"3f2c18ea5d8e9a25adca4c42",629751148.184511
"5bd59dbebb0d6fa71efa4c66",702400231.072125
"bdac2f1c4b306a7742f60ab9",665428714.871131
"a0e26a9d56cfb3b7228e5d75",498580284.944595
"933740e21e9b61721b2c6053",623621654.421035
"a3b9c1a3b81f17e6b22b6152",560707257.081123
"445e241d8bfaceb149609d6a",498415036.707677
"937f0b37f566f65a1871615d",581488819.472303
"9a76a405640f670c6355630a",588461083.636024
"7a0f351e8562fb7aafe6e714",418119761.088758
"4c5b79f3656501fce2e2178d",749086146.169064
"201053b106a0b89a0a47e2cc",478841277.789163
"724a5f9542f86cc43334d3e6",511729594.941853
"afaadd87a196e04b934e0b1a",447929075.702952
"a46cfad2458ac7ca4134818c",472170602.364602
"f640eb21bdbb9369acc4e863",614792201.50858
"8b3350aaa66b9fa1c682c15d",537914899.028212
"1340b0805cb34eb9a982190f",485111737.356463
"055d5ab6b22d4d0ac325fe73",635069789.428271
"faed63c1287896e97987c4c9",588602512.01054
"a094be8af52cf76977fa5083",586384072.500269
"feb3384733ed8feeedf9ce8b",586384072.500269
"eec4d59429b1d1bb75b4d686",532668800.06834
"3e9754a961d2cf348c9ff7af",634222870.584669
"8f8a92abd28c8990534e847d",591482566.651467
"256491790d0a2d5e1ebdc2e2",569358495.563065
"ede7995bc4e7e672fda4fa5a",767514955.10721
"9e8a11484838eed1f4673a32",622767971.81749
"8aad5795547ade3c804c0ef0",683568648.201687
"4ec4683fcf928d9fb33eb7b9",620426407.334072
"ee18825bcf4065d29287b54e",644507084.682284
"485cd615660dda11586f797c",624767421.886689
"8b450ea6c21fe0b5157529a4",617953162.272028
"0d45e78397d4bc0d363be47e",797128416.778839
"bfa4cb65827c4ebb91478e53",767004812.976013
"deb2c93acfaf6994bb3c0608",608073489.12272
"571e1a8c252cd67ee0475974",898839779.925696
"04e337d3c692f3429d47aef4",658029258.409021
"cd2913f013727119158b98c0",644507084.682284
"ba63594585c484bbd20ed3a1",622025179.711452
"beb7b99cf12926d8714d1c5d",622003295.01844
"0fbc9e52ccf1b7ea8136cbbe",706625936.685843
"f36031f3a3f77a3fcad337aa",775343008.6631
"7738f18d533d0f0379e3a06d",824563883.712703
"20c3cc21b44eb37d0b359c1a",973316942.275121
"78257e76c16db549022fbf2c",818700205.602897
"4baceaad0b0081bdaa37473c",820986722.803049
"6bbf67d88846e94a63014eee",713767991.748908
"edb259013ceb62ad9b23eee3",811371377.156029
"ecfe155a407ad2c2f74522e8",670825600.977742
"6906a20be4962df7725dda7c",830760393.173307
"5d86b884df3627d93f206952",970983693.852199
"cac3eb4606346268cea48e32",593017949.922315
"e7439820086f8d1cb13d7c9b",384095744.081604
"b940561f2d48444e139eaf71",603339895.210248
"4433060d0fa95ae1382f2de1",454442354.470415
"27dd503d4fbf4d5f5d850d4d",670447333.571637
"42a73bad238f2d3f5e376044",532722574.779802
"2b53b13cd912f353cf9c4757",656096302.167321
"4cb59b46927df31150830d5e",625133858.102132
"2f3d01cbf0ee0b985386418d",603769670.536329
"d12e6de49fcca906c3586994",408189839.972581
"8f541a839df1ae79d563427f",410253059.769884
"ae5ff2b5eb4f9ac44fef666c",552534776.559574
"ca77a424800783bb9c5c0450",500661354.707111
"c0ec1e7ae2c6c3c2f2ae34b8",536756147.90617
"2372f7c0499de8aa2e5ffa06",506524954.43121
"46de3fbec5bc6c0e256e7751",509951197.218656
"4d8b338266822739bc9c8fc9",841553299.09086
"86d46a3fd9d7bbcac3319829",761788178.75189
"b13fce1462ed87e57ddec917",769011393.216411
"625caf4f4f56f3f6bfd3f786",420325101.593865
"2214e2c62cf8d2d14f11d47c",545778045.079876
"cee8fedd5685633435d77a06",585248314.639124
"061386497cc2dede3ea70b1e",575813346.022017
"3ce50f34a7974ec17178a79f",560387197.168749
"855ce1721230ba103fc0ae84",387892554.336362
"ff3b85eb538fb9a7dd03f459",496082954.422149
"111bf82100a6fab0c9ded743",786238273.63841
"8877941794810464749ba5d5",631246370.240409
"1122a042822658cb504dc147",786238273.63841
"d7d924ec35768a3e6bd39b20",663289651.440928
"27cf45528b4266162f7c9029",522555300.0655
"916f946082d03023ffad6f2a",673119388.905189
"68181ef118970fdb1d83f030",845680279.252701
"2f0bbbbb466fae3fe5c4f614",462589317.065275
"17c8b228fa2591e3a234d55c",484816031.338412
"e5d9afdaf318dbe749bf9950",484816031.338412
"ce2cce355f493a75ab59b242",636370750.858491
"b6825cfa2fde9b42fcf04c59",615908015.64801
"6fb3e33e16eb81331d389ad7",728383080.600883
"e29d9a401a246c00f5eb2413",758966843.272154
"fdf103976a39cc12f5effaa2",758966843.272154
"d1526bc5e5446680841a9cd7",875843287.211749
"a96cb9d988f5dc99bf5df4ea",875843287.211749
"760125efabf13246774a9f16",849921119.465334
"229607e2faf76efeeadcdfce",469073647.579373
"f14b11d270282b317d9cbadc",659146648.599585
"8a41638edfc5183469b6c43f",460795871.193521
"ba249dc7eae0609f20ccf234",634559411.105219
"0dfc7d77d3dca86a221fe62b",728838910.499259
"ed7f61ea4c9095bd4aca258a",592234398.3567
"d2ce77db7cade7f2c6189002",477309013.964773
"9d18c354e8939c9f18598f22",431025284.349433
"b95689add02915dab555d9f7",634492891.729
"1c35d9468cdc55670d48db84",685097425.17243
"caa4aecacff2beded2e76beb",555972811.13616
"017487de3455d9f642a7fadc",801040311.854485
"8ed9c13717d2bb274a81e460",818700205.602897
"c2eeb1cf0549df1359ef4dcb",407814775.976927
"3a413637f3108ddf7bd53bcc",354994952.391103
"145a241c80430b1e4ddebcfe",526513928.044126
"c954618c48b70cb00efb49fe",468323478.458908
"fda6cee77fbfbce6ec0eabdd",716108273.178081
"b92c9c464e23f8b987290769",533537554.662535
"d81b170177769c0121b8935a",548215035.434719
"7a832790d068e1e85182b5a5",573663582.646846
"462ced9cfb28550c160e5664",797455017.63642
"edd9a278b86b1c56e237a0f3",550392896.003369
"fe9b6a82fcc3266ddcb3e36b",624718440.350996
"fa74fbeb90bdaf8eb26f8329",672731092.859711
"a70b6661eda6ef616e19dded",579517093.054292
"cbcf4d76223673724b0f9811",405870224.308828
"ba16ae6ca55dc3c0d5480944",535888280.688181
"3c840c206546c20b3e53d4fa",517171404.395263
"c61076b24927a46ef506322c",635862791.842687
"2e797c8302fb7ada13ef2d4c",863846505.056212
"3c9e3b97db788dcd10acf0e1",337943604.220821
"28db5acb7b224d44e3d7ce80",663682071.789719
"c7aad87d39537083a5620757",574318610.421289
"099721566fdd0a32546fedbd",514674965.744017
"bc67f29c8679adf31353bec6",646804397.401435
"eb40a304997a6e66c550b704",636632229.531696
"3882da646752a82db088c614",808728227.067238
"68c319925551b9484778bb65",692707686.630829
"711b570ff195fb77229deb35",798071561.001141
"e7a2e8e1c22a52f78ffd1b19",842247575.596037
"814d93fc94b4de6d3a860bcb",399062571.392285
"817da44fa842fe304b93c199",417805197.141939
"5cb29f5aaad14b6c33813580",447929075.702952
"8a1105028a1a1b83c5080abb",386580554.444946
"82b69c38d041325a4bb2fbce",377925849.755038
"a57d01ed5a9641ad64f7f032",485111737.356463
"90186e67d802be6d12eb3696",594976640.531938
"f781bb1ed340e08b23258ceb",548354539.332379
"db05818b6de8d77c1c3fd053",605941213.064504
"f4ed8924f5d1a3e6374715aa",587794492.361961
"d792d1eec60822752c8d52f1",593609246.563313
"47a3c63f65a9794384c655dc",635069789.428271
"ebacf31727972e81d0a0d904",748671732.098159
"a759e4c03e49c419c8f0cd2d",690318340.390475
"0648a4bd7ca088f4b3834401",690750547.623861
"b25734bf3ca94e775f467e85",665587577.467256
"65a8795e7a5b88acd7a469c4",634416164.80075
"b799aa1dd2de813ccad401e8",691316589.080348
"c01440b8ff0d80e7bbad715c",645469455.93939
"a20cd5193779526b43612ebe",631674762.200802
"0cddda1c211fcdce819d5f8f",683242615.618173
"69bcce6b58fc3702580d3234",692365902.896122
"ac7c0c806b57e4942d9ead3e",715551274.563866
"aa9e131fe4e7982a374bbb84",793415279.74807
"290725d6b15062397597b954",727498571.565104
"5f0fa37b7c5cf77e0508abd2",768838866.771843
"c76f482d2a8f8db5eb79ae89",728196372.078502
"f651cc17b051c962e4124795",878766115.069865
"250d84aac8add089061d3204",674836951.254397
"d3f9cf66c1c05f55325b894a",811371377.156029
"7198cf5aae5d0d5ba2e43b96",818700205.602897
"766c7906cf0493736436fdea",792708243.172652
"78f670c0d7a26c0323281ffa",948485284.811441
"ec0eb8d68807f52b681f138e",936965474.347881
"446138cfd3749c0b6715b0c3",769715095.859243
"64b4837e4550ce39f2f85342",766484808.207618
"1103c663f6b5ed0309a767b2",699852918.219433
"b9a573a3f2cedd87c7dc6477",526513928.044126
"de54862f5b7b8ff345c6b297",469986235.417623
"16b3311b337c0cb9312ddba1",485111737.356463
"a1c2003dfcdce97d21f9cd15",635069789.428271
"262688a95a32f10fa070a887",440940406.191649
"8e374b19fb87640c56243088",665587577.467256
"4032d6a6a13399797a794ab7",593609246.563313
"99f1712af0fe96f67d11037b",462589317.065275
"bcc584e6a08822158e2a1454",539215355.294331
"ad14f4403926de76de2604c6",501480418.016568
"01f855427cbe3eb51b38288f",698464774.934403
"4673ef4fa28aabb0fe61043b",510902999.662523
"f4cf541f02d99ea1851b9f12",475373602.885076
"bfe19954cd4680149c682587",569731666.047684
"fed8f3bf4a2d7a426901706c",762624315.436506
"480aa7fe286f4aa31f56d4b9",715832850.934208
"1e9850a50070dd51861a5e63",599946224.217103
"e26dcf5836f5bb53553cc413",639416349.928975
"c7ac975025713f368bdb0af8",764037676.596175
"73fd5bc0aee47d89a160f5d1",619181493.4916
"5bb9dac6e0e9409e89aa6cee",667263807.814907
"9b15aa6c85804621f5c42566",818700205.602897
"199fe72cad28e4554e359ff1",820986722.803049
"b28ba88f3665a2f26c2f8e47",811371377.156029
"453ef603a66a34f17ae22227",832140361.151673
"d8f4955ed4fc363d6d9ea897",830790504.707424
"f2eca7e3226f625807f7d6be",792708243.172652
"361ccd7f37ada9c07ffcf71c",764424568.615548
"e7d1ee027da436cbaa122f48",617272717.287349
"554ec896fe4f9d8f2e8eabe0",610901810.560713
"ba79c72aa8bbb0517c899b59",619680743.781808
"69dd957e78fcdd4d8e874acb",572353707.173243
"df91a3c7f364df5e6831f2de",463330224.849605
"77866048ba7b69532d0a18cc",489742533.426225
"a792bde8819aebc5b2d73a6a",754994046.080412
"6293e4a72b5c84782bcdbf78",496828990.867815
"bcee01a5d6a36f48d99a5e4b",615157900.194014
"c58b56f1202d1cdffdda3021",552731746.153178
"ed3275b560f020baeb9ce3c0",568518261.726027
"2a872557ba401f4c95e0ad2e",691152112.237855
"6b8c1c7c855656b0e56f0bb6",758968048.456288
"d6297cc548b16bff11eea51a",758095909.283324
"dadce7c7a446a6a177821b73",721222466.904727
"f5d9d8082e7652e97973e0e4",751820141.749563
"2ef9126614eeef828f797e66",692303055.482175
"c70439fc435337f1e8fd2f5e",620075263.213923
"79631cac54b1e71c1022da12",654186429.039405
"6fca3b70ba2c68d9e0d2540f",405061862.948596
"5b29d453bd368190e0e356c2",679307297.891125
"25995099875f0ee622ebc31d",799038926.71195
"34bd7be0761ab3d43da7a81c",555905690.982488
"b8e15d182ac0c74fba332b8b",662238097.529362
"901e3b835718ccae27c8831b",714010040.852015
"e1c7a101e5d518583f9a2a7b",624718440.350996
"02f6ffcfcdd3dbba94dd7b33",818700205.602897
"2162e09e137eb5f4a1f32b16",510888913.421302
"5eb815f9023e6eb97786233f",811371377.156029
"d2ab14487e0ecf640a785277",820986722.803049
"437167a9db41b677da7d5a7d",485111737.356463
"c3f889c41c1effea85bcc706",378481318.239746
"155da5ad9ad19d57a7632cd0",524697520.486197
"43d1fb0646562c3f1dd6fefa",493381214.521998
"8eb66c4b057dd4b07b5fbca5",497530173.241665
"f9718594fa52500c16e3cd71",751176933.193322
"d9c46d54ba6df0d21ed4ca49",622767971.81749
"d3f688e0deaff6648f2925b6",466198095.453041
"093a92c6846c924f88ba8750",795448870.885025
"9b1223cd8c9d7b348d6a5c94",797455017.63642
"8209afd76e36d8b5c4f7a991",402974927.701179
"29fd909e7cef62de53430e1a",413382230.54381
"76df3d616d8bc1de789bd83b",373740089.340033
"8aa5d44a72b2a6851d14ef86",532106666.98996
"eb4e1b72abce1d184dd4d5e4",518590048.682417
"2ba24fd47c2ef8520bccf6eb",702462373.826613
"1c9e38cd216595b33e283134",604977227.474758
"2fc150cf6ea4141106bb8ac4",414494879.68705
"8dd46fd8ff592358e4c3e7e5",425466048.130007
"d5e001b2f1dad3962cfff9aa",532652237.901562
"6e73e42a0d2ef8d6e403112b",643325809.6771
"2537dfc786054c61eb3a80b5",572679152.141413
"19c77db46d23e0c07a06a8b2",517735550.273972
"e6424086fe1cf2a2931f4847",572679152.141413
"66526276a7e8da597683e8c9",671272988.847571
"cedd20027ebbf47baaa0dbff",671272988.847571
"ac7c323295addefb43c62acc",759102969.05108
"a8e74eb5eb523143cb291cea",765748812.717587
"ad393e9070779969b496fa72",692719997.941684
"64d9dff81c79a16579cef2f4",762432215.996377
"ea91281d5eaf6b8f436d47f6",762432215.996377
"06e59cc783be86bd145a56c6",682634955.218171
"7458171e4db497a4cc1365fb",735120643.092925
"12d73fb8f4ca87b19ca46231",759102969.05108
"5e935d4a03c6abc86ac5adfa",719673038.647836
"2754b4e12a7604efe8e03f5b",951832378.239209
"9ea7a0d65493cb5487ed2084",453427659.723359
"7845cf57552577b059dd13ae",405050226.236846
"6e710984bbf2662a9cc7bc4c",510902999.662523
"47720fb9e2586dced75db114",354994952.391103
"cbd48f3342e63a84173a8dfd",501480418.016568
"cb83c138aefeadb184d2c7e0",451815973.029837
"397d4e490eb2db8a1b18051b",474757820.056347
"4f65732875c007d3c1102140",502185506.386682
"1f8ad363a0539a6f2455c3fc",393820934.519382
"9535ab027f9f2a9a8fdc21fd",472468772.717127
"248993a27da888a6e3ffefe4",485111737.356463
"cd07b4553b6d3863a9e444e8",471191272.794554
"f53fe605b0a2857cf3facf73",633899734.931919
"ae48e30b60ec254bf0dc89ac",645646464.231318
"2a0e902f3c07cc9696000177",654847027.183564
"d57535248bb34f65ae678a39",633899734.931919
"9949cbc958bbc0114404960a",653299839.436835
"841c57617a075690ce412083",672828954.275752
"9fc4385ea76cabf741d38789",589288054.806058
"0367da7dc5374f1957a1b7f6",634708619.93501
"7703f868650a8252e954e457",639416349.928975
"4cb9319ff5adaa62386b713b",691152112.237855
"dbb30f9d010677de2aee1b71",585760916.340745
"0b54c51a787fe58bdf677658",630548416.543633
"5234aeb6d817b8ad876e50fe",638913290.718473
"77359d0d34ba4c9d825e46ed",607913320.933091
"b84795015be5077f942f5170",574541874.544771
"75f5290d61164d42b39d9d51",605941213.064504
"b46d50c84edaa7feba938671",691152112.237855
"be8c05b72ee7867fdcb05455",641935515.39741
"356712646865d98127b92a57",640424327.174985
"ab765acf8b87daf1673b3a97",584038932.370212
"3a2cacbd3b4f9a23514b1433",608966927.877396
"3c6d485d7b01ddd6147746c2",578259519.230171
"054cd21c3b12f165bd520313",661319869.863245
"e114160e3ffe6a703eb42440",586510338.618149
"a38b2d75349c56ce04f02a94",634708619.93501
"71fdd2b1214b9371ef149c1c",639806880.967789
"10970057efd092c98037498d",706902936.326712
"7543d0e85e6328ebc8283d75",555068712.930022
"db1cfd89dad114c11ab2d409",624718440.350996
"760f24a443eb01721c6ffea3",733203967.835932
"a1508f30ba87423e7393b4fd",728838910.499259
"5814dc311aa87b24e26aceb3",716508619.461281
"f26c2bb4d5787541e9c36463",745165813.691374
"cf07a5af6ee98d735bde14bd",698849200.383311
"8b716c3dca89b7caa7db1aad",677938507.781172
"df89e7dea6c313b0cc262249",745653735.170969
"3e2c1d2cba8755ffad9cff27",741431867.843307
"6771a8c70428fec0f21d51a1",820986722.803049
"d8171d498291341094daaa39",753143735.809082
"3d43dd23536f843c2c5bd268",824106065.115118
"785dea91d94ab384bbd6ce3e",690750547.623861
"6c316d2bb84fff36bb01f14c",811371377.156029
"08ba99aa6a8ee752209de6ae",795048524.601825
"d177236e8c725d4405025916",766468743.942651
"9a6b537a7319b3446977919d",861915943.255177
"e2e7b03feffb21bad63eca2d",768838866.771843
"f2fa898e1bcccbdb92dd91e9",795226502.387236
"2c340ee014e39ad0fd1309d8",728196372.078502
"7ee83e5d70855ed21455b6d5",696212968.711093
"fdd4b5fcf9ebadf96545038c",764037676.596175
"512b4ad817c387bed877b7d1",690750547.623861
"3ba644c7be754c21e3cc48ee",748125079.791037
"cb38dc837baf3e0531c6c115",775695577.296266
"5e931fda1e62fe41ff0f2ba2",716037892.208591
"0ce9a7d4b0682dbbca68e070",676102471.844952
"8d114cef336100a8d8c81ce1",755302976.64608
"ebc3a6574ebc530ef715ea7e",758095909.283324
"4c2b14bfeacd87b878cbcc92",714010040.852015
"577b17cb350bd2a646725b6d",818700205.602897
"0dbe463995c605bcdffb133b",693363408.369882
"88f3f39ea06fb882c69bbd10",727408446.517103
"e54567ced41a40938b85485b",698464774.934403
"cb6d29f005078d4d4efc2d04",851152054.081336
"1d0919344e52b315441aeafb",685900186.468862
"62c39ad30e9a26d8cf3593b4",742110470.089406
"a02bf67aecbac445a12da958",807779161.923003
"06baade01a74972cc4a419ec",693224804.02101
"3943b64f9550a575f15d6d29",834734782.84434
"b62d64605362afc574ea5b0b",942489834.807594
"0ef45eb4356e2f0331ad2457",970464465.495873
"6700ad4d4d7f70def59a5d59",946850507.293968
"19ad2fa7e170c67870ee58f7",960726682.470537
"919c1e281329379c4d130416",977110835.797485
"8a451ef547efb90a8fcfa6c8",935496109.038313
"5c208e5c37aad07602f7cd7f",369833959.997249
"164fb89266e40a2530400599",466198095.453041
"5fc0f0c4fa019b6f1b2a016d",436270786.134065
"3b16ff50ec7fa717efbd62ab",520600268.435723
"30e6d4e1c53e9e81ff66df43",706902936.326712
"cdae3bf05372c13649a2adc8",555068712.930022
"170a69c11cf4f855ed015bed",1206875433.33089
"e14b31f8a454e47c383cae94",374305850.420442
"14a8134a56af1b328321cad4",563477023.119457
"ea8cc21bf7d48979bcae1458",547609836.750531
"c287dbff188e95f833ab21f0",565213106.678811
"2cd0b2d7561919f0223608d5",510902999.662523
"1acc5749203f964fa8b2092a",492701474.128643
"9543c16bd5eea47111e6b266",574541874.544771
"d415dc486936995f8b3704e3",607913320.933091
"ab946dfa5b9d7214a3756978",690750547.623861
"803711fede531ad1621a6823",698464774.934403
"f83f29f28978d7dd76cf5942",714010040.852015
"4bf284e6ba81bcaa21a437fd",693224804.02101
"d8ed50fbd5ed46d36b3d2dba",697768236.687332
"b40128f5e17574a5d3da9a32",730030056.176294
"506d4cc6613a07c313a12de4",598706702.912055
"558b7d06789a1c8e488c38d2",606647791.222948
"38410183814a757520143737",715832850.934208
"560a750cb6f8683ccac4563b",641935515.39741
"48740edcbe275bed3c82efed",700806532.453955
"50b2bb276e598c9cfdb42b0b",640424327.174985
"302adfed183564312f9e3087",764037676.596175
"063e53d45e5e7945f1f10fc2",795226502.387236
"6e2c39fbeb5392e6aee9b644",822688265.688652
"8d6c523d4100ab0c83a31fed",779411406.060537
"6d6aaf30227f16b2be29e79c",728838910.499259
"e73e5e75cb18f52dd7239361",820986722.803049
"dd625806063f76dcf53582d5",818700205.602897
"a4b16572b8bb786561baa3c9",811371377.156029
"9446f801f30e8b2997fbd72a",604987925.279244
"941569c4352c3a2e32c908c3",690750547.623861
"8b4c54125d9165554e4123a3",806658238.951307
"d50f33fe5acdaf5caf1c6ac5",424255859.457727
"46ff039321805b51870c64f2",707030656.803609
"1ac6c220eb690db798a3d4d5",782262652.715269
"faf872c4bca132b52dec368c",770210779.564152
"d92232d77f7a124e7ff13ee9",755302976.64608
"f9a136d7944cb7768b598a88",461543063.81054
"e03610db09ed7315cfcd64c9",454086142.599798
"8c51f1b43f15b70d2a294918",462962648.411426
"21d141a84af5f0e2ade9b0b8",546290790.628873
"55c7cbf5e572d2342d0d7071",604872022.030349
"54c0e5e6d368ec51f6e75c1e",613435389.266046
"434ff40bff8fad0962ec07e4",651846463.368476
"0a199d5741b5a6213b39b793",633358828.56388
"9931470b50580f51e1a4fac7",639318082.530662
"89498fdf642e770ea75be7d8",621048912.749088
"aba39002de605f9ff34bd542",801280876.120062
"0c1c0ba7d75dc4090b7183f5",619247907.203707
"2ac425aa592565b44b25cdc3",703722727.267954
"c0cdcb5f860e3a974c401861",636280062.619612
"4ec741bc6ab20515070cf1ee",689188943.550968
"3d4c48167a8de8cb0e4956f6",679155657.85958
"f5741fdd9f509d3bb02e35bc",692365902.896122
"c1d0c0846ec652774ed5474b",697202385.796107
"ed2c02ddcf0e54789d9d2675",759498367.708804
"0e05eba6eed4e55e89dc5f14",745873949.219771
"b29e5a75740c8439aefc9321",887956464.883547
"218445f989b2da5eff4029f4",817840718.350282
"0c7da0c2613129bc322b1da5",768891712.979417
"a41210034abe19957b317d1b",758672706.32611
"0cb4217cde38e09571fa73ba",617579837.955218
"9df0663317db1cf4121a222d",744276983.402341
"62be98264dbfd418ba21cfac",852054088.360257
"939ce1536f15c0e6bf203dd4",757334999.416653
"d9028df78f9b14a720dbaa8c",757334999.416653
"b05f4b5fae2f2faaddb377fb",609606999.01981
"65ac61968819927b8fd9b990",647784635.196952
"1e83b53963792d7445e19d27",747926241.809318
"72eb1af691a950fbb7e8d635",408304808.803516
"94fecb92077ffe3a72aedec4",587434057.507966
"f660a48b0eb17e98dd77c0bc",592977190.462738
"27fe3fc3838695ce34c5d287",579855674.221935
"9ff4b1fc1970cd5c102cb755",780542476.514196
"b54940561992090411749db3",470053870.109512
"d4990842f549d8139fa94c87",808302770.314543
"f6013cab49ef9188aaf87972",660147691.150113
"cc2e8713dd087d3b842d2f11",586181203.572281
"fb8aa6b6c5d2499d404f3f73",521001853.776169
"6a8b9fd89b745a52703715ab",432517228.10363
"4721d06c49413558bda1fb68",402233968.998648
"0100b3a412accebf6a3aa4b1",421900435.41622
"215e8852679b9cb6c4029ce3",409025175.203338
"0afec1b2e7060b99dbe41a10",411201544.032789
"4ff17c9b88aeeff105b8301c",512193720.759702
"6eee8548b87c9349ce90ac2b",476504100.647964
"9b264d26a196a76951308cca",595363703.505576
"945fad7539481410e8bb60e5",454086142.599798
"f727924f0f35ec9fb58d0c31",510902999.662523
"c7876dc81e250503076f43f2",584522325.786014
"e4f3e425e9f6e393999d7a08",598199422.398091
"cee1833e8964355b9aabbce2",614423156.946138
"9a1819c45b01c341647a2410",461543063.81054
"ce95aab452311a0cc27e0c7b",648468195.093359
"e6eff72b7c5b0fc2677af2ad",550392896.003369
"3b368c10d243f6bc9c027061",510902999.662523
"510c03bfb80d92d180803887",614112362.277538
"664934c8e209352d2c79c971",469986235.417623
"689ba3a92dd7c12f1965031c",529106627.894636
"93d4c413d2a1ac59f1b46830",590557048.631328
"08b09c586530266c14e611f9",555957610.17838
"7157dafd306fa99e4c2ad233",525742980.966939
"74e15493f395fdd312d50cc8",572258460.398682
"c34c94e7129f84267a5e4fd7",538871679.841108
"fc0572d7185e132770c3bad7",786238273.63841
"5c1bd88edef0a4146c871fcc",655198916.839177
"a28a31f7d0e3fc6298606078",716726283.353861
"f388112376e68ccb2290074b",595238494.223138
"05d1c33ea8c89ded7391ea92",600501385.347856
"dfd84193c81ca8430fd27ad0",786238273.63841
"8b89813a4ae5f9209f854be1",683061081.999508
"d7b9566ffb28c753bea96f0e",810016107.092699
"8062b4109c12a95dd62bd43e",770210779.564152
"6d305d6f3e3c2a53515d5f6d",753143735.809082
"ff143fed55f12a0105f9f88d",770210779.564152
"0fd9a2a99c44c9e5565fc17b",673358351.932487
"7f85c59323701ee0e75abb92",607747456.539206
"19baa03dc4143a83920a7d2a",754772165.758628
"bc23ec33573f28442b36f60b",628420275.856541
"9957e5492f63fa295772246b",761731891.94904
"62e376b22a4cf0d84b7f6bff",588317008.743751
"0867853879129bfb46dae700",591078290.831761
"92c5129009b7e377fa004a93",740131882.83995
"6b9d38e0b9a3e28e3e695be1",700507277.307032
"b6da2728ee41d035da57c822",783205299.582902
"adf5879151c7236f5e055e1f",836683956.532357
"bb31607d0bc3ee4a37fc912d",977641471.605532
"3ef8fee6a5cf42827d8bf562",822688265.688652
"e6016afcc032d20fc9d6f2be",946850507.293968
"f3962b552d34eb8bf38b4763",773591603.561518
"bce7369d51094d3a9d3495e6",894780994.620067
"55bfd350162592f2571e3a0d",829045227.311975
"3f226452520ee8f04e306bb9",811371377.156029
"b16fda9be5edaf4cbcf07122",700507277.307032
"e6f5ae869a5b7a30e8f0fd0d",827483133.812217
"ab0babf6941ef43c35acb951",709067788.034413
"3bed16373c8ae820187e3d5a",817047837.230593
"bc1335d419a1c0f6e6860470",617272717.287349
"98575cb25b358dde32ad042a",688961319.67897
"fb50f2f13a30fccc3903577e",623459090.875061
"7a608479334951a3afdc655a",1058912167.53831
"9cb40496518bb99a7a00a2ea",807436269.673255
"a69ded1c20e05bd6b3a90028",633267518.661416
"71d422db0c0c638e448142bc",494330963.017609
"fad033a3c81708df7b6ee73d",864806567.410605
"99fae85157be04554b236007",400092081.19574
"dcd314dabc7d162cfc29c81d",843874067.68736
"1c65d5172e53b4c7f1c4d6a9",771797916.592483
"cb6d4db44c789fcfe8236b40",694201621.293924
"ee2c509989c7155bb472c5b0",651515504.331328
"73b60c9053ff8193c2dd2823",379365678.22677
"2a487cfffeb12837a5586a41",489383427.929485
"c9d285946ffc4c4b3ee95da8",609296247.808448
"6a21be8a7a429eacb1de8c1d",691283939.835661
"2a7fc28219bee48a2368e730",715090848.570015
"5b169f28ea1dc473ddf11580",456612828.710276
"58b3ab31de2f9fdb0da0dc8d",714010040.852015
"2054c61f0162a18c6fa2291e",510902999.662523
"39940234a26e7264b464450b",551373348.061357
"550157aa4dae5fafc5d795b4",797105943.611285
"ca87bd8401c0c7bbc4b3f286",632886254.909836
"a8fdb6fb681aeae4d5c22f9a",630548416.543633
"998c864a446f06d114f42fa2",852531854.985262
"bc57535516748048e38d4a2d",827237771.551671
"ddd55d8001b809f304883ce4",442285917.744803
"b9fecb3e6a507ba17764c303",448369626.87302
"4bd30aa3e2b4aa077ae27490",534789212.212493
"d7ee2851bb69088f851970e9",565893923.588654
"40eb0c78da8b51b53548d914",685190473.567192
"1097d9a61690cc58a4b91e62",374203132.64526
"6aebff5b1fb3a438c2c7969f",594486902.397296
"af672710affcd7e44eee9ba3",396516721.178006
"fbe3b74f9e11c829d4dc69d3",623459090.875061
"6b7219005737d8660d134ace",598690607.456876
"042bd2cfb2d33467149ece1e",688337975.775256
"d5999beafbdc8acc8a6ad809",598367534.96126
"4ba65b1fb8d8ab0a914b0b8c",552570842.122517
"230864c9c9c5959f9f0d36ee",443434564.726876
"8520fdd4f5fec0ba861ca9ac",383218960.56853
"447dd594fdadb1b12ab32e6c",453658095.982036
"3d405df6e5dd012419f43ba6",765185029.676025
"e120c33346ead011ab7789ce",552355844.208442
"505740f7746e0154932dbdc0",552903814.812303
"e9a427f23e80fa59d9d517c0",395754456.894626
"97388d009acd9e5ad49e7c4f",510902999.662523
"a100f050c34e438070ff487a",477309013.964773
"96d14a1d29b7abc2cad573cd",583875141.359574
"f69e25355ce3887bb1078fef",553507064.750866
"86276ef138e0babab9863276",576016767.303538
"344f3bcc1acdba48c12f8441",655878620.834434
"f3dbdb2b69017cfa026ee18b",661902172.805716
"ba32f2964e8b68ff5555fc34",618316497.004361
"fb7154b2dfd2a48c13ef70cc",626314123.243133
"089dc5de66c6c4132734b9c0",765208626.721386
"5c2ba5028fd94a6b9859de70",748671732.098159
"e8544410d811163a13c6a326",665587577.467256
"74d8df07206df08e8f3dc232",663715264.936441
"6fb4126e3ff41b8052fd0657",744429948.497688
"ba35cce2e715bda1684c937b",818700205.602897
"d7997b9126bef50985bab347",452190199.309538
"da3aafeb2d0105f8e09c051f",489595804.782996
"5daf1136686fc538db40afad",468534992.710568
"88f632cc304cd769e2d4be27",410817306.547499
"c5dc941305b5fb59e66479ba",409896410.79698
"ec422df56b811a0aa42d8bbc",409896410.79698
"bc8bd1feaa8fca4c52e130f6",386392774.333569
"60c116411ab3cca49f7f49f1",384166752.656736
"75ae43992df8ef41eaf9d98a",508271276.303818
"87ee5c7c49ced4ec99f44d5f",467259035.163385
"918f56ffe325f21522cc60d3",535131800.252314
"dae09210f48e5bbe0d31c728",544093825.521724
"c1ae2af40e1ea9da6380b8ee",512461323.31868
"e7b717278f7c95cbfceba80b",514711238.450705
"387f18b1f01b1aae536752e5",663985181.926653
"c036fb38fbd2d1b59ed5b7f7",652761184.56803
"76c510c0ad11fa67f0e9a4de",652761184.56803
"ff46d9f7dd86b8bff7cc305c",479879409.370729
"23d95cbbc056b4456b94c97d",610462680.361104
"fc65a77fbdd07fb490ad870e",580742913.035469
"8f0a61533b6a01badf43b6ed",621849744.151373
"c26990b034ee83450a4517b1",774514312.564626
"53ffa19a09c447f3759f86f3",647226031.361482
"86d80d3757377df6f2b8a0b3",647200537.181113
"c757b3960436c23dfaed4f2d",735608729.807814
"fd1431e595693fac0406151d",728320017.379187
"42b6cf2a5225dc62342d3a20",654075536.551956
"6f8a0e8f1bce0243ea50213c",781725429.731872
"02277f636716264116015dde",737479046.686209
"b72459ea34fa22d1fd012dc5",662278856.988939
"cf4ebcab3fe4d12e1a20146a",818484249.777908
"ae2c10850b4a8ffca934cc72",746560655.381682
"0e22a41ec27869c8f83f9be9",760307763.841088
"22a43024821ad081e654c5be",714655640.326611
"2054c223fcd48a48f67d02fd",391363063.864679
"9af6ac77a9aa0c6da3cdaeb0",510902999.662523
"6601706d2133f96aecfcbfbb",485111737.356463
"ce011b7462e9be36184a2984",621973579.628855
"f759f71e444c16a59187a067",522227658.900174
"84cfb0342a0bf2c6777de39d",560146743.81558
"760fd4c893a56a4586030772",605941213.064504
"fc174b19baedc11f78b647d2",624718440.350996
"aff9e510eba008f3ba5c1847",594102026.089525
"a5a4c0f268548993b61d65c6",636172942.370051
"6cfb8a07fc1100569413b33a",640424327.174985
"94301e20cb91669986c4b34f",638822758.924623
"52c1ab7484e412ccbf5d57a5",764216976.885066
"2538cfce1c108ebfb1056c8d",609246610.910054
"d57541684e5c00bd9354cc35",676102471.844952
"123106a60208725514f3a343",635069789.428271
"7f2a2959f5ae816761be658c",745824260.715051
"fd5758238e7ec91e415779f7",784083514.738083
"e3197263bf47b3d37f027e11",746251617.634835
"8e5661e79f4fc282abac1f37",662053160.780703
"cdfc387f8246a1bb3110d724",759458016.567356
"c53f3bdfe8159bae98ab005d",713767991.748908
"200ea08f57fa23013d0e661a",728838910.499259
"603c736378e07570fb985ab0",863191785.509162
"cc019e30685c91634d2fd4f4",818700205.602897
"b0d394d6c9b8967250854c66",724905886.633517
"f7a79e1211fc72e06a3a82b6",690750547.623861
"8a1ea9d91b3d8a66c6341243",745126495.625854
"22903633f8c4d91158f65c58",900492450.746807
"bb67d95fc94532b1fbe80ba6",748944846.700312
"a8e696037f8747f562ec98fe",814200421.865987
"72e4fa00e8aab44cf210251f",850359533.112112
"d70948f87875325380885803",838359413.912769
"a0e53cdd1132bd19b8ba0c54",318615262.868046
"882eb7115cd5b8b09fca0e47",379138895.775948
"529d6599d8a64c63566a11e9",405050226.236846
"e26eafffe4ca3c22b7f4a272",499633313.581644
"4e4abc111c07656e5bbdb0ee",504990390.375436
"46e7860100b0c09a6a475b9e",582996673.935275
"7bfbcfd0fb8f5b6d553c2d0d",511881924.535031
"5fedc401fc32ecc4d9ba7e89",562133256.519653
"aee8b22ecf19495fc5894a08",511881924.535031
"313e17c442fa3040065b7489",627651453.876935
"26206185deb023a344eb2e99",731636380.848154
"4a9e2358d64df916e2cfa213",401786041.899601
"2f6515defc3b21d82e0ca4dc",380986914.821348
"a9b18720f68c7002dc71c3af",429050550.644001
"af911ba38d5376a8aa53fcef",475788295.716864
"025b094e1ea7248f4aba72f0",495584200.840939
"f81aa0f575dbbacdbdc681f9",515896786.130596
"848067a69d18a171e7fa34f2",476951160.571549
"e22ca3f1c8073e246079d57f",578336613.804476
"11444a88bb3b230b4feb5b58",549298225.630525
"7a9264f3a12de839a42c1783",547963931.796094
"6d825b439d8622ab90245049",629002223.829833
"d2d317f2990465269ef58c41",616250942.210862
"2860e4435c857cc8a661ec97",623454745.604819
"39c70622597e64c4821d0731",608482051.315189
"2d6f5bc20de99dd0bd4e34bc",691152112.237855
"37ac1ae3a7e2a3319eafbb58",696402757.239356
"fe6fb32f623a9e3d5586a8d3",758968048.456288
"501531d637608f7098ba6242",688627022.344506
"69f59487924240bac2e75bd4",758095909.283324
"358e1287e24c3c4fb353315b",716240181.441641
"55e307c88e2a943acd64a9a5",868745620.378672
"19105db21495d546e6792a25",878766115.069865
"375419559910484b17782b47",713767991.748908
"c9d254244e315974cdf5d921",751820141.749563
"adeb9a6ac3d357bd96c019ea",748777713.322166
"b08e0cfc5bdf5bdf5068ebdd",938104767.366774
"8da2439f391c6db92b9260f5",942489834.807594
"d0751cb5e704e28e03514fb7",830711539.945142
"9051c6d14018b4894b560e2f",949903292.849173
"54c3eff286c62f05ebe2ba57",772162748.685756
"975ee5aeee84593bbeb331b1",458023763.202968
"5102f4786cc032e24781c7ab",904088044.214458
"cfcd97bfad6e013aeb57a2a8",656758981.973372
"f304bc9e9edfc24eeeb720d5",749335715.285993
"bd05a6f6ebf924adf92e5577",766253560.314233
"a7b459470ef58ef3bed7437b",480462451.099413
"37e009a57645b845b1673b8b",565213106.678811
"b70082fdca35092802f8745f",578643318.08156
"8a69b9d7461107db6d16d1a9",551373348.061357
"adf055978a7a8e9bbd88e741",572192700.491674
"6c02bbf7f6b087a1f0c8a47a",537089595.979182
"d91017d9c530e058ace2e017",620719726.362456
"89016540f8b3fb727d863bec",735120643.092925
"506b653545eebba4c8821588",810476459.298057
"01fe5add1e7df4b15dd73bc9",760351679.108075
"4911d01ea0a4505d5db5bb2d",861343518.260802
"68bda8b092d5a53a35dfaf07",803846138.057261
"70bec150e1d8ac537cfd90e2",836775862.173834
"0e21abdf04b36e5f6a1fc337",826161707.254872
"f53efb47de2bca5912ad7517",1080734776.17097
"82d6244acae149ed9ed88e8e",495148279.151094
"755a4fb96ff2b2276836f49b",586373863.077127
"f15ae83fbc4e4ee3f646b4c9",399062571.392285
"eac458ffc1da75fa1a4ab384",468323478.458908
"6f7bc7fd41ed908494d8e098",432746427.850862
"12d1678bc86ccdcc8ad756be",760011454.690485
"6e07d31b81f3fc9b9de8e1a8",864430239.169002
"6c618bfe55cac120a4f1e08b",848532594.442019
"22958cc4622a0050d1aead77",443566757.487066
"c7c3da1f12d872a3726736f5",484892038.089782
"ce30c2c7cda56a69005300d4",408304808.803516
"7a26e5936765b409b7b73cf2",641935515.39741
"8d5a73b1d27a66b3f72fa662",691152112.237855
"3b8302dabc47048245acc09f",770210779.564152
"909182c92bbc39b00536ce6b",717649606.336288
"963da21c3c571d7bbc36f1b6",762624315.436506
"a73504d5982fef268f5ff589",616634707.286293
"50563038c05963223b459beb",642484391.869406
"b9a0058c58cabd619e226178",742324520.598799
"0037d98f6ac46a86e36def45",371364141.96216
"38117bca778373247df86e14",508115764.907166
"4eeb8b5347526d721092a7be",371068658.018746
"0b6cd71df4dde546e665f865",371068658.018746
"bd066d5d19d41c06b904d51c",368752293.794004
"f10e210fc04e3fb073568323",371068658.018746
"9f504cc4e6b170155d38c687",371068658.018746
"3e4c1e6435ea1a9c3150aed0",508115764.907166
"052c93502aa794e0574db9e9",371068658.018746
"343f45e7d178eb780a9a9818",508115764.907166
"c0c4fa199f0ad751930cf78d",365111159.606072
"5d86154fc1769d4dccac1269",365629511.184593
"e1fb88779e55aef2b66f2c10",371364141.96216
"c26af6fdd00a85a17b823d92",371068658.018746
"be3ee4457a26c6b6ad4237d7",408392968.280204
"9bdc79dd02cdf39f92e8c869",371364141.96216
"1d4bafec52ec7575161bcbe0",483416316.448251
"0f15a78ce3ff90b6894fe3c7",459982464.479017
"afa5698724bea14940667231",798981996.972315
"4d8e365b35a6b8ebe6d7a15f",570234560.873204
"6ff848f65f2507e58cfaa231",443459427.895742
"e13947242fe19bc3925919f8",476345442.515512
"c02caec41084656408c2696e",604940954.924398
"d6fd079beb9f759fa4c6886f",510902999.662523
"d14f7f939468e641c43abfe4",461250644.983877
"8f6076f8ed13e87862d82255",546810911.408249
"8d5e662ba25a71727f1eac77",670555618.610461
"bd2f9648ee9ebc1fdbfa53b3",614423156.946138
"da8f986b6ee6f594780f4a91",670555618.610461
"af7131ea57639ce5aa1e102f",670555618.610461
"30e10a03626eeaf8bc2c380e",514821937.287045
"6caf180e36fe18078703db02",457544744.411239
"a40861d6573e4539ee3c23e5",989256895.963307
"d5f905cebe05262cfc44bb11",715832850.934208
"809800b56b7b29399986115f",627589078.820654
"6b2d7f88f15cbf7d998986da",641935515.39741
"a0ede3a514cede68b721d994",668425942.034306
"179d467dacdf674a66c7310c",780929887.898349
"97f9cfef1e35be84ceea2a46",764037676.596175
"b7e01962fda2102f1402a444",771660249.365429
"6665e5bc4774d04321d1ba9f",582886505.494386
"6c09a3ccddc797f77d63f1bc",663715264.936441
"97986583e1c988373765eab5",797455017.63642
"56807890f8587cd75893aec9",672731092.859711
"0f2fb3cf22613a339c88f7e4",641753407.361827
"a967a4f0b1dd36d7264cb408",753189083.769612
"08ead1ac0b9b30c2a72db17f",718517027.721381
"1b989360ec91f5da55806bc4",805664298.09027
"b289cd856f9d15493d31ef6f",650709508.078688
"88668347361a227b6dbba15e",860985146.824224
"ec3f1679451b9c0037f89386",845511799.654439
"9cd01a5cba1674559752f5c4",596680088.442351
"2bd96c7fe678945fcaf9662f",703753978.174002
"9f118569fb8b084f0615fa22",391105909.30419
"033521a46dae036839ad6c90",377925849.755038
"bc1ee1f8ffe1ac88f08e2459",469476206.523208
"c62886167530efe1f84086ba",453658095.982036
"d58f191c74d26bc1fb02cfe2",484079471.270337
"981b55d5c38361caaddaddad",532316570.70735
"ef26c0f1cd9e3203ad16558f",663025187.915743
"74cd885ec200a0c21fa9e03c",529151688.623548
"fcfa51e5eec6829b9f4f2c59",637786393.510646
"c3bbe8c09f5e58281dddd412",640424327.174985
"8f36d25584407d9e3c326e71",705966966.55924
"51f4aec91124a9a96f4c5372",650584941.924076
"b7becde9261820feb7cd926e",700361436.57919
"65070c554133f2b4143fe051",638219502.803082
"c2a2ddb94f60de25378aecee",698898540.601398
"5ec3abf721e13b0d55829bba",758968048.456288
"502aff943d74cd4cbb976dcc",820986722.803049
"11e6e5ee92c97e31d34db891",848463739.456024
"b1589aa1f58f6dffa93a3a61",690750547.623861
"783ecf989538582ad008fd95",696212968.711093
"1770bd5b0a07a6aa785e0caa",505825099.302145
"53715a484e20d6152c76fdab",493613872.378576
"ef73428a38c201019267afb1",599384901.457069
"932a93e3ee2093d7f806fef8",569581887.456535
"00e9afbd1d27062a7bd40a3c",733961326.153341
"a11a82cec7f8a243e2f90539",782262652.715269
"e4a70600296b0bde6c28fb19",770210779.564152
"0a1b1a3d68b04cdcb2d757cb",746251617.634835
"7c06a2f06cb4226f9043578c",775603399.468172
"5e113e1e878da12e312cf875",759458016.567356
"a72f5204153b7c92f52d871a",755302976.64608
"fc17f35d300be9680971f95b",373447385.653046
"13ab6a062601d40843de37b8",477240657.227623
"22abc78ce812c519511f8a4c",576736755.983064
"faee4c33e892029b79b63742",348707493.394661
"c8d39eef5a5422e0da4172cd",438371515.756161
"b13683c625c97c23333269eb",372766724.697758
"00e7c5894c739852052f566a",597516729.895428
"2703313a3e5a6fef2157928c",546290790.628873
"8dd453e986d05c6c1dd104d2",704229837.835995
"22b34331d7ca2ea642d29946",625538396.617423
"23187388f9d6e2bffb88b9ed",704094736.284072
"6b49a668de0edbe7f8110740",694023590.60285
"ef0e5b23069a9fe377b77ccf",734585230.990637
"c37348f8247ade33ac513855",686736849.567966
"1d19edc1e0d907e5ab0899e5",625218517.245003
"c73ee8d419b96c6e7c53f95d",596294258.183651
"6251cda3676ecbdb6555c526",770333540.817575
"d12d6ea066b67c3db9b2dfb5",852054088.360257
"8ba4e8e071e458a13efd179a",487810046.829615
"9b8d798a2c455a960ee74503",615672322.768417
"d663ca1a0d29b4cbc5cae9ce",483910232.960597
"dc3b8d97b11cc2af4cfbcc79",630673352.578623
"7d50144c4b2ead9b7b9f594c",840331248.885166
"ff9cb7bc0b972d4515ea3837",510902999.662523
"267e46cb9eaec6c7009348b6",622437954.404257
"1769a8ec5ec94aedc397b4ae",578223640.803104
"dadd9ddd29102f529caa3bbe",620346615.664941
"251903f4b947b337e0134415",635069789.428271
"e1b753c283bb9c6d4e438bec",690750547.623861
"16fb51fd3d35db53eebbe5b8",698254048.040586
"8f543f9c31af1eb17ef1e353",693224804.02101
"20c3cb2d4fa486b23eb81bc2",612569402.473302
"6fb9e9ac6d44d3a286f317ae",652003412.486137
"15b57b0ad8794d64a2784ce6",639416349.928975
"d9ce31250d4ae25c3b850124",634708619.93501
"f90efcbfcafe544674c02586",692719997.941684
"05a98feedbd3f422bf063112",718931513.30697
"ea359d571ad0c986f826d31e",762432215.996377
"b02f1997e6e6f97dc808b8cf",746211655.031248
"307acb7b4044cfa5680e4227",740993412.204447
"ddce386b0ad3199ca09aac93",775355752.184519
"9e28972500d8ca3fb3b76fd9",764037676.596175
"687b1dd576eb7d06a08c3439",705966966.55924
"23b2b5b9f5bf3e1208f5f80d",723067740.296611
"dddaba511b6a18f49b41c1af",818700205.602897
"874e3e3ec6f67c160807628d",765676407.827398
"67ade5109553a9d784886a46",811371377.156029
"6879f05563a9f0748088cc65",820986722.803049
"dce05cf86b42124fc93d41da",792708243.172652
"1ea5db844a6d3a926480351b",782262652.715269
"4e9acf6e9f80f65178766740",770210779.564152
"a35450284f8dc27e0ed717f0",745824260.715051
"069499abc4e393fe540777b4",472919544.103189
"cd10d6e28fd7ce92518ea31a",806556777.306616
"3edc0e70e7cf6a21be2f0d53",510902999.662523
"2e2ff1e620063f416a387058",714010040.852015
"1ffdc10c53bb83d3be84c327",561180547.677222
"3c95dcc4bc3788b4cd5602d5",520697493.415018
"aa592f388454d575e0006206",462589317.065275
"f7e5bf5b0f6157ed1f604d37",456612828.710276
"513c6ea5a3c2c560c409eaa8",650832074.147886
"7cf15f80838e8edf4f9cdead",734585230.990637
"49737c7682eff2513869b3f7",768265124.227674
"4e8cdb49a2bdf68ad8d12625",691152112.237855
"86af11931b004aad3fd27b88",640424327.174985
"90921c9fce21986dd23bc645",714350186.247908
"d79d71be963d418a4c9dec68",746251617.634835
"c27b2b735106bd5a77a15616",758968048.456288
"b6129a71f8e320aee8abd0c4",758968048.456288
"26922ebaf11e35a7a320d30b",759458016.567356
"23f859b889afe2639ad55a21",781891147.014713
"ddf47d32045769c0596826db",792708243.172652
"1d0c635770f2e51aed4c8664",690750547.623861
"e6144e15d5cafcfe87c07c9a",490424105.671423
"a7c7923f9a4d004eab43413b",694776769.529551
"42b3b56289972176c20c4990",457173640.989373
"b63f49396431089dd646837f",631246370.240409
"e0b041a39e732783f98bde56",943416140.553302
"409eb9b8f2ba87ca299a7f6d",570240236.48738
"1a46c13974f3634ca6dcb51e",536732150.230935
"4b068c79664179605b145a15",493856217.284355
"afeba13fa3f81249549cd2eb",578223640.803104
"3a3ce11d981d0893ec732e22",640424327.174985
"ed68664efdb7377c33f4010d",742110470.089406
"93de58cb0d8fbe74b0cbb556",770686352.713573
"faa204421a94ef95b79eddf6",758968048.456288
"acdb13c4c8e2a48b0bdabd91",771306154.319866
"5271cd1cb962066407490051",858693396.90537
"933251193ded6df07c83128a",952974709.500939
"524e00e537f841c13497cd52",643634874.261487
"a9d4f256527be98066c493fa",679155657.85958
"2207c1ed62f59d6eacb3c18d",575813346.022017
"97ea5dc81ba49ade4f8f580b",582778621.118551
"72488318dfb2181843f17c03",694448870.542255
"76698030899efea431dbb81f",377187626.695292
"e84888d2f22e14a5016ac789",443560942.598161
"d9398ef84ae71419cb7cc82c",631246370.240409
"6d32649478d9d86d840969f6",614147237.068273
"81600c1e6b6e3ae770e40b28",749346471.609171
"68075b0ac8e779bf5e66dd3d",531188737.181328
"6d7ac64b8b9f27f61fb155ec",574342918.532844
"d3bf3146ec856cc26c607d70",569581887.456535
"d12298e0d398e9d21d2e2eed",621440389.223424
"97b69097fee8d8496a6b8c04",478484441.663364
"fa6e53a7107c0e33e3d505d1",852054088.360257
"7279c610bda9354e1c840b0e",443560942.598161
"6f3070318ab65b867b2702f0",449374042.579486
"e08aabb998103a941d24d0a9",471327670.35226
"415e1faab81016a460db7a0b",445429788.452031
"8b871cc48b99bd4190877bd3",371364141.96216
"7240bbe28e950ed75637b504",460005396.542067
"831629494c6d15d5ff6a00a1",371364141.96216
"1cccddc33bd892b44d7e4b7a",646877316.675348
"f9cc6760b1112ce5197bf399",675046691.748026
"0901e845b6c56d4761377a09",606366573.563679
"2a33fa5b25963f3dc928f668",667059204.532526
"83e9507b9ca2987a21d1b195",770325780.646764
"9381bdf491d48236e84590fa",742285518.177256
"c041a933261204155415c2d4",758388739.03654
"a1cd867286d6e82181e5d1bb",670555618.610461
"240d2474c81482baaf79b6fd",670555618.610461
"ddc1c85af165e47502447242",786534293.581975
"58f02c785ee9a506e899b967",853296802.580296
"8b353ba6823f4f800635f0cb",873852233.657687
"68cda50b602acb4efeb275a7",949995953.7923
"96cb3c08c80815907de81e73",520077488.442761
"f54dbd8f0aa752f79c581e5c",733940621.114882
"52a438d024af0d5c38627ad0",535968366.6015
"1b5db6af0a1c0f7787064020",691152112.237855
"84a7286c91f1ca3ecacdaaa2",641935515.39741
"bc6d6249873222ac7f22b73d",758968048.456288
"12501015fb631d7c10ff08fb",410950041.796922
"85b633e09a41cf22a10f28c8",500460484.229419
"7acb92246dbaaec1cc7b423f",559558608.264964
"bfba8fe959dd2e44a4202943",570545973.901166
"5325f16558ed6d2689bcbb46",520088482.553092
"d4653d505cede3d24e258d4b",570545973.901166
"5146ecaa8b7ed507c4f30785",755302976.64608
"f5b9cbae30356fb3a1d005c6",827830693.722117
"205ffcec56fd884ab24c5600",651670690.729222
"ae7ce478fb66882a2c952012",626469109.372955
"efc9ae02fd6c3f18db866cac",734024094.634712
"2221052e00c236f31e6d5a06",376011671.839529
"54673ffd4971d04493a1b1c7",525460092.814956
"b0bbdcf0916b246ca95c4721",489114977.209929
"1ef15e2b882a0da85858269e",664679383.455634
"9881fb167319b34cc23da955",599128275.473901
"9d2a195e645a9e8556683b4b",512737574.960689
"14acd96163e6b3e17177f35b",572013418.505986
"b2c5af8615b8899deb16c896",555910553.152613
"4c40683e401dae89f6537ab0",538012122.29519
"dd007a202a0a3d56ebc4868c",513701014.315348
"6d9c89a406cf2e755d4172c5",556685915.879956
"7387e7e385063c180f05a7cb",595380678.864485
"9dfd5df5a2efca3fbf2c07c8",625946822.946579
"2a9e75d221912230f98485cd",673804202.159746
"86ce27f9ca03821d13030f18",740136745.010076
"3dbf89c6e97182647bb44e69",695325185.216016
"eaa4893a313d85fcf38dbb6b",617479642.561463
"c57e1c323ddeaa7475e5189e",1237190186.47337
"84856812b63dfd9630fa49e7",933596885.412389
"945202a450bea48fa7f2a95c",770702889.09217
"fd689e54d5c418dc9f2425e7",786030391.718201
"eb90d9e9eb53b44b07ef9613",769927526.364828
"79005399fa92d05558fd6f6f",769927526.364828
"5cde51bd6de3759821216d5c",731539764.055562
"230cb38e035b85a4353220e9",514274683.998597
"a22ed42197987a8534abf76f",998315722.735696
"43a2ceffa8ed90bc1a43255f",624837066.377872
"8f2fbced5d357bcd6b1c7de9",739183061.622223
"6e895a15d402ea7fcee98156",613863433.146698
"b6a2406025f0e1fa09690c2a",624837066.377872
"f46d46ccc7fc415433e471e4",403346118.710196
"71710d25975271eb32c0c8f4",559861362.98596
"01b7bb1556b5c32df8f618cc",575761155.98436
"56e5afaecb2cac6293cde16d",572138925.780212
"70209b9024acb3e5baa769ff",690750547.623861
"efb0b413b3f661b23d674b3d",694776769.529551
"251db9c4b7398902b38b4a4e",681928670.94761
"e3e7ffecb903d2daccbf8a53",595363703.505576
"a92ed9a378272ff174ce2688",465467773.996834
"40a53a3f3d49f7905966295f",1024421617.76774
"bcf2c303fc03897585831351",758095909.283324
"4b0ac2ce45d7ee385ca369a2",671272988.847571
"85c7e8ac008493b34e8e0176",614275699.143068
"0ff24418ecb6888dd8ec734f",756393245.845178
"3164e0ecd246b8ed6cb6d054",831885222.503129
"5f52e316136696cdb56e65a5",405673027.345114
"5ba4bb943139d7930cb91650",611606173.836342
"ba12ab0869d66e03df12b6d2",387442509.103432
"1a111211207627bb4c840442",496223643.327873
"9d2ec1ed9eac77d534ed514c",371068658.018746
"9030f17b47b3940c2e2c4093",371068658.018746
"3b224cf6107d815a2e78996c",695835694.390433
"ab0e770ac42dcc82b472c55f",459982464.479017
"75fd66abeaf040fa76eae2e7",693224804.02101
"c31d98f67673691ece007a65",477093678.005783
"60d5f19c16554cc2d8e5940f",690750547.623861
"53fd196fd0c0558ed1219329",553095724.139635
"27b06d060ecf702fc88c7956",698254048.040586
"dc014623ed69c32abce2d0f4",620346615.664941
"f1a8f09837660445961375c1",822688265.688652
"b98a462d9782988cb54ced54",830760393.173307
"6ae4843a827b36bf189a32ff",616233712.363829
"84e4f6c6b5dec0da7f7ca0fa",596836335.390284
"b8f2b9c2e63f0091b6038ea6",672972443.180314
"e54c7ea1f012656f7fafa49c",396736095.560449
"f25f5df33f25576f805a95b5",870301218.921108
"ce9474244dc2d40f357146c0",411201544.032789
"54bc553b5b8abad0ceed4d53",409025175.203338
"e75d4ce522cf587cd66adae4",584522325.786014
"b1f0b12c28c9bd2d16b3545a",590557048.631328
"412e7b9e1de3df8c3dbcf198",595363703.505576
"f52ce56f20251f018d7864e0",555957610.17838
"6641ef09c0bf5f3180952b30",510485286.600462
"ada53307260fa34f3a6411f9",524428762.221702
"51f0f76e2a8cf50ef3650901",598199422.398091
"da482df3d0fc97f9f8582e22",595184402.157012
"55d47b5f3d0d2dd7c2bf4034",521710421.96535
"1a6714ac2350ad371d8280ae",418049537.62065
"0006c9478f4e7edc53d84916",650924121.647273
"dfa7461510c6dbe5e119d106",469986235.417623
"5df95b44c73b249be0fc69e3",527620418.657905
"76bd7a0b87bfb6d2723766ec",482351822.87437
"8570a1d8156dbcc267d3b495",761731891.94904
"94116b7517a06255bf4320c2",756386177.516689
"8ba2d7afde20563e38892304",770210779.564152
"f86ab537a2f5d8c2b223574c",786238273.63841
"9d0d2774fbcb6fcc66b865b8",655198916.839177
"9086e6e757243bdda003878d",694676652.570567
"5a3625846567d06dbe4cea0a",753143735.809082
"f51a78ac4b03665561552b0a",740131882.83995
"561a262410ca91d69a58645f",742836486.403474
"08d90f931e7e0a6f43c9d0e0",546914782.413452
"f47c64c8ee69e744e654d4b9",829045227.311975
"fcc4c878af8bdbda6e1fc86d",811371377.156029
"8d9b143cd8eb71b05d32cd2f",700507277.307032
"ce6a3868227d78852fad9f62",894780994.620067
"d82f743ff414299f8c222db9",822688265.688652
"9b2c7e6cfb2d6c66e1ee8a6b",977641471.605532
"6e9009ad01cf466e8f8136e5",700507277.307032
"a4bf0c02f139c695845c9507",827483133.812217
"16cf0d7977ed97d6ae8d2cc5",688961319.67897
"d96855b0ec427f041e7a36c3",1058912167.53831
"63613a9290bcd9e1bcf2786c",1175471244.38685
"32036c1eb131e6cc4f3bad3e",425919047.595396
"ad47e82c9efcfa36ddac0a95",396939279.814051
"d5af3041d95f5e89969c9868",525842201.187128
"f2387712fa17435f56d7b102",395681466.684449
"c1c8024bb6c3635ff655843b",420382459.476542
"11e4350271e9cbb37bcb75af",483443375.341137
"d012efd4a77c5aa5e8d6e508",625708509.622019
"6240b85a47c079cd0efb077b",589880089.652043
"85e332a999931ecd0e04475d",579855674.221935
"4ec02a406caf200b700f5c62",636706059.492617
"f3270f2ccbcccf3046346809",582961921.381972
"bfc5aa443994e3f3f78c6105",651681986.525983
"aa09cc29ab2f2cfc79e5bc7e",838619624.742704
"6eec5b03718975e5137d5e92",634357032.005252
"6974d82e41437d61c627b16e",658780186.885163
"ae3f7f428b49e6948ebe6fff",616770707.99785
"a9a710b78e776c16eec24be6",645518958.823023
"249cf6f96144f769030d1b4d",605897850.564244
"645f3c4490ce43ed68c7df10",680027797.032544
"3413f37549869d2172b76d6e",679155657.85958
"956600c9a4ed31e588f8c593",757325468.618893
"00ba709f184e70be13e5bf9b",757187310.614239
"275c8bfdd3fec33752493861",746517064.708613
"3206523e850b5b5fbce567a3",793193119.734858
"9c9ffb3401ab6ab90fcb555e",575246177.615661
"4962650cfa3decf487ccbd0c",731636380.848154
"a541b35c62878dc2c425235d",970983693.852199
"2112e589911b979db6e05a6c",937756912.179663
"c9cfeb97323bd6a0564e1903",553781241.348928
"30e1bd4619483b0e896b5229",635069789.428271
"48aa146a36aba8a0270a8a1d",811371377.156029
"678a80840673787b3aa64228",741431867.843307
"392abbc83cfacfe87c401e27",549791213.09743
"51744814dd3a7e60c0791041",671194413.842677
"c6faa5d2ac8e74c26fdaad4a",736148011.355154
"1f2c22839c470363ff41551f",818700205.602897
"5438c2127072b47e3af428d8",820986722.803049
"32e182242a654ac03a8f3ea8",603032865.297469
"0a45eb817938241ca988c2e3",575246177.615661
"e74d815ad652f7046ba33295",568915921.557303
"2887a0d34994d284759db20e",577616409.608725
"621c3051ef29e8da01e6bb2a",573848993.24687
"54de2275006e273686ae5fac",818281331.659956
"b0a0cc38f73c9d90bff6ad92",823409360.697821
"f4df4ad4366bd794594c111f",786238273.63841
"763206de4c26e3825b69f4c6",712607034.034322
"d5ddcb0a54416bdadb4bf57b",563885123.045686
"bf17eca5afccd9cd6299b9a4",609574301.878691
"02888257efaae858fdc7938e",637909251.507254
"1f8ecf6c089ce6168b3be52f",687265431.405422
"fd7a48744bf966e417f34a51",737212421.590123
"655d6eafd78be856479767e2",703036318.301335
"27472c6c6a801eb749b9719d",691840880.601238
"18fd9bee381e7a8c29a44c4b",707350107.198698
"da5d47596a755078a2261328",517701378.66906
"737c83218f0e486ef4feba40",544379293.085564
"2390c275fccc98eb4fa33af0",503590787.099612
"35616923c84423b44d1d1438",916062220.465456
"22fcf0650753e2b5a2fa3786",669186125.947808
"9d8e7178912841c2a1232ad2",590638182.175683
"36c2cae6de0add92f32d29f4",742758966.893873
"699b68daa574a0f169436ccc",480644182.906916
"c3bd0b8277a37832f56be54b",446197453.547153
"6b3411cb8c50c1498572e681",561162738.337992
"fad4ecc419fb64b3f77971ad",593403946.462416
"4034cd9a70d18fe0c883a0fa",596981114.242169
"8f9417de118ef8486538955f",818086711.240176
"33f4f9988387bfc237d114fa",371068658.018746
"40c9f947e826f89c6ff3f898",433646860.885434
"351701c5d1b821253e2c8c42",445254103.452015
"f6b405af32c398147475dc9b",521408453.277268
"45750daec6238508791d0d4c",478454936.428452
"eb85bf9ab77f59615960fbe0",509639798.806797
"0ab6e52af85ebf23432d7698",514623008.525849
"9b13a371ed4724d2e2966447",736294465.698424
"081bbc273db70f1d2cc84ed2",499573028.152136
"e113c48e4e1b53adaca275f2",493198282.830577
"4bb0666c55d174e0280482a0",519241820.059232
"ca516516b33dc09d712b3154",667033558.6318
"631e6aee6ec1f720f3c78775",501622311.646116
"c7746198cb5871bd687c2538",611760482.720108
"58a5dacf2f664512c2b00ea2",634053391.96076
"6d8998442d831addafbc878f",656642846.093336
"7d4ffe0038b3ebc149d8f4cd",773109715.386118
"55ae7bc854658aa5fa49d368",988531488.40054
"042ff73057dce4d92d383cf7",516632438.338317
"807c04729620ec60ef18598d",482114607.477806
"5dead94ad2dd86dd41448994",574541874.544771
"bb90c874275456d5fe0de83d",607913320.933091
"6ea5fbf037ba7e5c74d7ca39",539447434.057163
"86dd7931177df94a649a4d62",550931919.864246
"58ac250fa52a1ac7ce39f70f",593270231.861121
"2861f1a224b4c879b845779f",588888110.872406
"8d06af8e439c45e0e125de91",528366252.435285
"bb2dedf6198be0f3ce2c4ffb",637097640.784847
"57d8cac189a13c180f08cd2d",632048957.011852
"db575f8a4e10a29fe81b335e",641935515.39741
"e8c79fd41b001fb1da0d4fe1",640424327.174985
"b81679b32ea288e9665dee49",690750547.623861
"841482deb90d19ecb1ec8a06",388146360.940566
"214df9371aa59f68e5740212",551542182.79019
"bc52abbda9027e10b879ed50",554344354.505504
"ce8ce41a36b610be164a25de",632136689.186102
"a67412a01feb64ca6e772858",857298593.33837
"d87896f889ddfe1ba210d74d",414494879.68705
"556a39ca66e10ba3545f2234",589242034.337809
"50cb893af4ad0e21a69f05d5",572679152.141413
"3b5a5d6536a9fd24f02e8ba0",537487132.967089
"121cc20fd81d6322f56d5c53",551373348.061357
"b9c893f3c3ac4dce40d0ea19",551373348.061357
"47bf8d322af3c13e8868ed0a",572679152.141413
"a4325969a50a14c948446f9e",661614291.227778
"4583a6b01449530079415768",762432215.996377
"920e2bd03c9d34e36fc38ad5",762432215.996377
"0a59b506798fb96edd7681c7",735120643.092925
"e8d2cdda77c1d885e21c7bbc",826161707.254872
"8abe99f2b71b13dfe7d71616",792708243.172652
"c07e98122103d1546d995f9b",826161707.254872
"29fdab43da21ed0d22c9c71d",737479046.686209
"f2ba7982bed03cac394ef87a",619326541.081155
"eac89e705cfd337a99417320",402763591.051767
"40713332e88c6d3a393c8b2a",672802443.951938
"a9aad230d22f7dede73acc8c",788571120.780249
"3b7fd4008e14e394dd09a0e9",690750547.623861
"098327587a877bd50df27551",484079471.270337
"0379b6a001e4018c34e944da",641231124.274894
"45f24dd99d362f49c0adb875",416911949.520744
"dce1dd028695bfc5a47aa6a1",485111737.356463
"cfeb702df06baadf29f12eda",465467773.996834
"9ff5828e084070628ef2ad96",484892038.089782
"6920e6d7fff656d66844949a",770210779.564152
"31ed69311bfbbe000f4483d4",539221144.248566
"d300473e3d2ced1177c9fbd3",303843521.246403
"2cb64650b876ccbc7337a0e4",612044962.590404
"3ab2ed6d140698cfa41f2e3f",465997002.627072
"9f8697b55cb665ebb054f9fd",578223640.803104
"7e844f8a24422ec3b833b4a8",432291558.861433
"55a615a3b3919798d54e885f",665179666.066169
"fd26da8e62b5d1155962f0c5",648468195.093359
"ee9171c496fa78b1461acf88",791206355.562675
"d5182c47a954c964445f25d1",859066276.021551
"e064b4dd7b4e64a3e0016f0b",591078290.831761
"36753a5e31b0edb1eecb8bcc",614423156.946138
"c2ee475efec76c46efbf1b08",696402757.239356
"3baeb28cb33d048bcd6e42cf",458023763.202968
"6a6d990b9b1bea0f844d3065",389259146.541194
"e93dbc804920c0bf7bcf8cb3",480644182.906916
"b9ea1b9fc0e46ba0724cbc0c",391200923.645984
"95e98113e39820523e95adf4",391767753.007732
"942ed340950f02adf9749a36",616740076.918609
"8538a41c0e0fdcb3829364e8",497475574.586075
"804289a128775f7d1652cb43",554860976.145579
"3dec1da01706b06f5d6a9266",567518951.590523
"fe004acdfad6ac6b00911ef0",617312802.766945
"6c679d5b6a1c1b74bf483478",653397792.808108
"ba54b5ebc5d4f554bc56dec3",658550621.278096
"5b9469c3ff6b197bfe3513cd",649182401.915263
"2ca6ce8266afc6721d179335",649000027.0221
"94160aa4e5c54bb479b1d0db",302430690.676071
"eea6a2137473c3ba6708b576",417805197.141939
"9969f6f4bfb29e3a97c2fccc",574175447.161379
"68006626a3321fb0de032307",545245534.490005
"2149d04442f73cfc78f93bab",527715604.535189
"01cac7d033166094ab9f87b0",515600424.302971
"15515ecdd35e9f175842a738",585760916.340745
"86f1d6fc54152004e69027a0",659090071.91167
"0bcf7987c4b0ba485c44caf9",608050300.584922
"107fffd601a2bb7a3e4a69e8",607345383.210865
"5a44636153b1d4a74d58513a",617585273.716713
"5ae08e5999ca2ba0a1e2d8a7",684016032.625858
"369e9e64898ea16b7ffefb7c",614275699.143068
"192b505186d0bcadb46b7032",636478334.406226
"6dde6686bfdff12620f198d3",699363043.901693
"503a04e079773a04f2abe075",628673325.015853
"42b5ebbca90572b9cea79177",614423156.946138
"0b6f2534f862a7ef551a116c",625584042.72772
"05e06a93e9f01dd3984a85ab",708210367.374155
"c6706db3eb4f0bbb0510578a",690692741.622457
"2babb357d1d828c49bb89be0",683684064.012761
"3951171501fc51e2d830cc82",765797358.938725
"fb72b8e0457c0199e158e599",660368041.338718
"df865201353bc7b915b56ac6",744617086.28363
"8d1b3071f5396359c0b6cc62",769523488.03228
"c451b61851c8ae1e6222109e",742280962.357833
"e1c33552eeab60683f2f89d5",970464465.495873
"1d8d51cfdf78f1361710708c",621036478.885868
"bdc8e1a1e06d387f9c7b026b",621036478.885868
"2b36d797d32013a126e15709",371068658.018746
"13b3a55d79b79ea89a73d21a",365111159.606072
"e57ad52764215c3d54740ac5",371068658.018746
"19e11b2d60326895b5e6ba01",371068658.018746
"f6e1752b9f4a0a3c8573910a",365629511.184593
"062efee92601be294d7346a1",368752293.794004
"e2c3acee51cdd03b1f211278",440329565.085369
"9390ae5c166e1a976e53e16b",569838856.892768
"db3aeb3a96304f3c255e8a22",727408446.517103
"d353be29e7ed2c35b920f7c3",797220606.496875
"893c1b081e383de73b9f2e16",860492170.335979
"8302e2afc48d6eda16784da6",613831428.820003
"f1e9676bc91a76740f4e9b0e",778193076.067531
"ce86066ad78dea43089d25c1",837185397.013652
"c89ac55660cee4608bff27d5",494236506.968717
"b183776d007d85bef0f6671a",543537360.614912
"e8872302ba40e4ea413689da",616471655.51278
"0afc6cbb60f34f1cf00fdfb0",708376376.839381
"a811af7cf12afb1dd9b8eb86",611505017.711843
"7947f71467036449efb99972",811541968.450662
"2ead9549bab6f1386b7a2c77",689836634.186607
"b54e8d557263624947f979cf",774289256.131071
"fabd2201750747891eb6af77",701329873.442661
"7c3f7b513bb20c918a51dec6",743103556.050947
"0dcc222d83e1bf05f2c2c090",834203053.316659
"3ee3ee47bfa21462a1fd455d",878208365.328741
"1dc3b6ea53413ece15bea33b",945627883.839962
"f44362b932a8b70ad4b99a29",477278252.372546
"5372f93d988c3c917629f9f3",450247821.887972
"5c25ccfc7ae77f1d85981a79",484892038.089782
"4df222356df121a41adadda7",478381883.80508
"bf38bb7a2a7ea663cc8f3d57",450247821.887972
"ad0025f5b240d00936c82f9b",582886505.494386
"2afa66b726ed0b1492b9e01b",586783697.909972
"a528312b77b7f84741c2bf29",664703843.914656
"1cbeccacfa11843a256b2e2e",498739429.938103
"d11eadc78d95c96f50b41a10",629894176.312411
"c918e02b3e6d80125a2db1cc",421022332.614684
"b2af005e93b0242e0f62f298",463317422.97713
"ed9703ed896c6118a3458e78",469073647.579373
"8ed11c1d4e7aa1ccf0ea0508",508878328.814567
"9717b066e135a82feb422181",595363703.505576
"294985765f4d12e51a68a451",690750547.623861
"edbeef6a08dd17a941634d49",603681536.966673
"26cc292628ce4aa87cd287d6",652503649.320563
"47f7065118bcd4c3878e50fc",655353404.76714
"e369c63f83c44329ddad488d",634474013.745435
"383c0948aac71636973507f4",662512274.127424
"6bd1a412c01387af8810ce57",706504421.906114
"4b92ca1cee4739104e620871",849470576.248144
"0123237414f757b9c3809f88",845205474.704474
"6e36550a6ff6fdb2711a88c1",811381478.715926
"1b5de74aea685b506a952f4e",510902999.662523
"d85fafb4d5ec056e6db9a79b",448933603.142735
"cd097f6cd92275ec8ace1f20",566582753.810352
"ced1f52def08143f0b2b6849",505323172.764951
"89a03e25c43a555b47c53864",532257681.965902
"f8d64df401009704c152bcb6",587079962.462403
"2a5aedaaad2d908122f28f22",691152112.237855
"edd0b57b90629fb00d036e34",639879873.257656
"f8731413b0d976c03b7e05ca",608482051.315189
"01abe3cfc94be46c1153c82d",630253866.136472
"aa7f5d0d2fd5474cc67cc70e",648011002.697047
"4912c91afa6e4aff6ffdc6a8",769177712.065925
"9d805330fb0df9ae73003ceb",758968048.456288
"7daa9115f755a6c70411b9cc",758095909.283324
"f5896513d1cb044108d23785",819471152.680085
"3ff2a2fd905d81f0422c54b2",406620273.583798
"02ed31afcba033953c79d95d",444886132.941655
"c2164829374d5e880c1a1f31",496223643.327873
"3f6eba5c365508ac192f2b82",573663582.646846
"3289958459cd87f24089cd14",593270231.861121
"ecc3362a649cf08afef96fc0",522187263.761045
"264e00a64cecb861d2c05b1d",629127008.488584
"d5b5bbf927f763a43190fabd",609679755.280608
"2691d7125e9046e597437f2b",736094031.449547
"7cf183ed411cf82df26640e9",310434091.925921
"f81107599bc083fec4a13ca3",310151466.260719
"3c2a535f1df831771b859a86",403728862.165213
"9e871ee8a61b183aa9051b72",656230829.679905
"e066ee04cd3a597dac8ced59",583559994.722181
"2f4ed160fe2a21722e6299f8",706902936.326712
"e0ae53aa3cc9e9ba7ce65f74",695041044.948127
"78d727d0e61a7c8b1cf6fb1a",610036631.472576
"b42f936db049a74c7d24b0ef",588640419.237751
"62e9330888566f1f826e1ee7",600076935.826178
"3fcc5ff04edf753621d6cbb6",633702289.419973
"d4ae25b207949fbf0df3b404",582508176.506404
"14bc234ffb3ff7f974afc8e7",460592843.59705
"64fbc9cac3f15c0f1a16f4d7",476951160.571549
"5fa1c8237da8fc7683bc10e0",481350999.865894
"7bf4beee26ba81ad0b884f9f",485111737.356463
"72a47f70aa99d42320e54787",527753536.230101
"07641db461323a5cfcda4f98",745991851.643669
"3af2a1ec9efa6884a8254d28",617579837.955218
"3adca5eeda4939a5ea11444b",633992124.64175
"37d39cb7d3849a784497ed0d",587563219.949597
"b9baaab70cb83475ac3bbab4",713163122.008413
"74e178e2398895d2288e6fcb",714010040.852015
"ec15e2a131d9724b012d68ea",640424327.174985
"ee042a4b4a0bf9a1dcdf1eab",638913290.718473
"35381d7a5b25317d7588ce77",591768648.73594
"18ac3368b1f6d8f7171b07b3",641935515.39741
"3dbb09358256bae5199e1318",803213410.623627
"4662aa1c44351dfe271e3a9d",776264064.016402
"034a30994bb2e0e446e35957",715832850.934208
"4cdbcefc434b48ba3d51a498",769353862.185141
"3d3317303679a6a5a381d0ea",776757192.518441
"68f4e3d4355bb71db0f35a65",797128416.778839
"b3c77f4a398b61d9c204f8a1",747330891.589866
"3865974fbc1b412f24c47eaf",787488200.279067
"84ab3ece52fe00ee50f057aa",679340111.388401
"dcdb8d97ae65daf55570c88c",805146533.53927
"7ea01fd99b389d08ca50c0a6",820986722.803049
"51df325f026f4cc5ed2e9a65",811371377.156029
"1f11cd977996d909ffacadef",792708243.172652
"5ae03c0e33dc7d3e0e0d54a5",837376654.168134
"da88bf5bc2a7310ff382be4c",818700205.602897
"035de58d60807ee2c272ce82",690750547.623861
"0cf82b1128ebb8d1087b640d",671958201.346059
"bd8b005383020611b8922147",798654403.982107
"f5c79a564600bcad99c74f03",488079240.107536
"b11672f22fafd555f940a8dc",458785387.836745
"2bc88a5c4bea2bd00fd8f13c",512454799.733404
"b2b99019a929584b4904b98d",469948726.424566
"678d0e011f710cefa49f6465",540801647.377004
"f7de22825945329521642f49",585187792.384453
"79b5a037bea858706838a62d",551373348.061357
"9f339d547d83b4ef956a3690",577273294.249221
"127e197a2f70e7ddb5dc92aa",589288054.806058
"65b8c48546af394a924decbc",613276742.501464
"cdc0c282ee62c51e3a20459a",691152112.237855
"ec824ecd0319e05d1ca6a9c7",666925862.223874
"95f27bf0d25bbcd0d1eb9cdb",630161210.835015
"ac0ee54bdc08632efc0d771d",709666334.226587
"904ad71e7d108930d69a7332",683881206.348142
"7f4e6f790de012946197e0df",782262652.715269
"473cb30713e88ecf782651fd",754943656.723996
"59a309a6af425b2028a2ad69",768748517.643477
"8a1b0f59f86e33a7aa7c2c23",774979772.365165
"1e884932e57cfcab75ebbacd",759987347.841822
"8e273f1dde4801825fb19742",839471686.630776
"1f9c0f9c3c6460a323171d72",822688265.688652
"5dba98aa20e371c3947c19b9",828178845.467491
"51516e102f8d43a07037ed29",822063852.530595
"6eabd14e55ff090e8a93c727",955016216.724474
"e224f9ffc7bd70369a5e8b68",826161707.254872
"35cb50346289f0590dd24d83",877185368.038893
"2aecb598de8c74d9d5108d8c",765770255.061723
"69c7e97037c747b93c33251b",630548416.543633
"b9b95c89c988f68429822e81",518973800.846578
"fa2c5c19c86087f207c379ab",513029256.444261
"9bcd34e7a974c977f65925f3",697768236.687332
"3611c89dc71078cd0aefd2cd",551373348.061357
"9ab273eca8cd5dd4b6339ca4",412975536.848266
"4347966ceb1770f758cb6e37",735120643.092925
"2a68f627f4dc8060484cdb18",713433143.152744
"55ff644abd72eaff17d533f0",844090901.994903
"db563e5a1cd9eb1be832bf5f",694776769.529551
"a0e9310061ff0084d63dd242",836710922.696362
"7ff62b2f8a28d60f6c4237c6",828363876.117704
"c42c59e8a08e8657ab4201f1",621575424.91679
"de28370454624724128a0688",655353404.76714
"514aefd8a44ca048a8088c51",776267159.691852
"3d3a318662cbe218db0878e7",691152112.237855
"2714bcd5c0c503c3bee0e0b2",758968048.456288
"5461aeb15c7f826f0ce157e8",426438781.477249
"db352cbc2aa3066ea9b34184",640902331.298853
"22b066e6dbd0f2562a0554f1",804381550.159549
"daf8d6d3f4ba21513341eb3e",776757192.518441
"523605d1fbb75b0c5acec5f7",385864898.966051
"c59c2a19b93ca666b7c389d4",612315278.664131
"61e57e5539c40e5ffeb77997",385864898.966051
"c1fc25faadb151c73ff254ec",515786114.545559
"63e73f1b8b385d89de1329c2",465467773.996834
"80ded3bf4f2973a5ceb1ffb7",570710603.993105
"e1f5f0e96e5865370423c142",652312942.408161
"3bc1d407f7e7c8e67f7dd27c",799038926.71195
"d87c489d3572187e3280965b",687431311.725901
"110d49e1d79a3534e146b300",598647674.826792
"7baf3723bac87b0b393ba52c",623066685.153019
"8e9e35321545774dc1f85776",568068021.534989
"e0d6155cb3cdac98f81d44e8",685860140.700157
"bcf775187c0f5ae1cc0e8ca6",510306359.399005
"a792122a1b292f482caf25d1",580405637.492328
"09fe153b0027697e58bd08b5",377925849.755038
"a7283f1587ffd80f4723475f",377925849.755038
"67a10f161cf7215302b6ca1b",377925849.755038
"f403b20cb52d4ad3f9469ee7",466055281.776715
"643e13f00dfe7787a19b1254",484892038.089782
"0eb7c68fb7ea1e58f3e76345",570545973.901166
"cabf47337c2cd619f12fe69f",650323416.162571
"55c5eeb4861e8cd71731274d",848463739.456024
"363c96b85cf07dacbb10b92e",421070159.61792
"49b59d19432dbeb8921e57b8",578100460.878197
"818ee3b0c3862d4aae6e7776",376685355.739385
"b15c662c56b19d3843737dd4",452768830.066652
"03243195c467c67e67a7823e",551165500.267448
"5db50c50b523f3d454e94dc9",573418143.336836
"0798af235e9926b1e7e4642d",586092497.700516
"83852e78afcc4127481adccc",708210367.374155
"7fe25ebd70b89f4602bee6a2",572466026.935062
"175590951b6f8c6b8b4af9ff",602323964.88876
"d4dd48521efc020762ea141e",736540709.707629
"a681d6e9ccc7bc60eeaf7e3c",754772165.758628
"e137b5003b8c8f18892ee9d3",797128416.778839
"90dfa0d7be06e7a1dc15770e",701596298.220993
"7fb856eba0ae98a40eac3efd",679155657.85958
"9f52855eab4ca5161f1fb492",775603399.468172
"494580f4974c33d7ce0cdb28",686857107.514981
"d972dc3dfccf2a48a6384e54",700649643.939294
"7cc8772ebde8902f55e14b44",600441109.147646
"deda3ad684384ed67711ae71",638668546.327877
"b288c52e4d0fab9f579122a0",1008664776.70004
"0bc16b384acd3f8263e386de",1007407854.97417
"b40d1d2b7c1db9cc57c65fce",860985146.824224
"c2580329ee6d7a03925725aa",853520030.770356
"7e73516d57a251061b3916e0",824106065.115118
"7749f3bcfa8339444b0a8b7e",382327073.768361
"557e40fdc93c1824b0bed769",382327073.768361
"edbb5db63dbd0452c51047a0",456975912.427303
"383af3a5794a0ec3efe78b2f",482358986.285849
"90ae7af091c23957b88de5e9",435393754.342335
"b1d9704dd39c6cef28ae3d17",590581233.62044
"44916ca9b874075f55949f87",605122882.516404
"0515734883eea12cdacb7aab",642593906.805361
"faf9f8aa50d936c1465e880c",613240821.416982
"f37c9693e058492ec3715de9",626587672.179984
"562c7846b05072561d96698d",639027863.593785
"4a629aaf60a113402834c042",637699106.53416
"ccc4e48073c3da10a2e2d08a",672236681.769578
"8532c64eaed74b64b4d4707c",762624315.436506
"528a96aa31409c32bc9f1f63",856791404.120515
"36fd9fc1f1d9b2e10c1c6463",410254207.327505
"91561030d87ff5bc0a497f1d",368944948.169758
"eb09010915ee68091d6675d4",646961761.195189
"56c41a58ed5b9864b68fc910",625447148.160135
"bf6005f6f71da582a6fab8c7",581656415.607664
"86ee80cbe81724e6919bdb73",515960164.690577
"0caa7856aca178f826fe90c4",580269293.138441
"9e41f25cf2e77f3fbe903368",639670712.570253
"019f4a25794ef01294845b51",601102209.042046
"d6fc6059bba177ab56d85ec6",583011813.773957
"436089e2bf605d00849691e8",775731282.144647
"02a9c37b3d92a6da473c6fbc",715612723.784403
"bde81ef5ff9edabfc7e30d10",633130365.169662
"379fcab709c66fa146d3491f",609912690.426537
"28ac1562ebb5050f1492f576",737835728.513771
"e68f5a98070efada9b5538ee",384825235.533174
"80aef024b0ecebb01913504d",387912733.922749
"f45161bb79292e974dc88b5c",510902999.662523
"6de3c3d53d6aee18ccdee958",457173640.989373
"5f2f7596a284915ebdb81a35",548681833.265319
"291fc50c4ffe7935b01e5d9c",614792201.50858
"42ac33321bb1920fe2a78036",676102471.844952
"c8e00b4dcfa2d05d6a7fde26",618126323.850872
"5c0e328a04f881674ae1046e",636172942.370051
"c28cb417dd28fe4d4d41d114",608050300.584922
"8e160f094a0425aca23f04ac",607345383.210865
"a8944be7383b5689b5039c87",659578003.432636
"cb7ed5960f325114bd3489c3",677490310.642284
"275d73c7dc0fda7cbecfea89",745824260.715051
"85c24df2d836cc8addd9b7b0",668571694.694945
"0fa87864632b7bbbd161f879",918894263.881886
"c7f422224808e043753683f8",660722251.431663
"c51d1eff1b6d29b4164df520",830760393.173307
"b50e8c13de383e64711193f5",417509529.067975
"1308dad458274c698b2fec72",417509529.067975
"6a1024c5da689de67bdfa274",656467257.880601
"6e426f60d25aa8a4c6f8c9e9",501438203.867281
"b80f3a46440daae51308d459",667890262.752841
"f59ed9b8ef1726f1a55a4dc3",527119985.123381
"368eddd8b6d39bcc7124a41e",484079471.270337
"391cfff759030283411dfe1a",577956675.184454
"4f140229175de685a0999773",580433058.787673
"cd365053914fcde97b7ee9a8",602984459.527712
"16a05fee8dfbe78d26664c3a",640424327.174985
"c462f0736fdefd319cee232e",628868835.634477
"b419d977b283e33c0b3da86b",734585230.990637
"6eb27e2a66d08a8a60567272",703368920.597404
"7486ef139d41d91423317e0e",669186125.947808
"e663064dd77e3c63ab9222af",734416329.22308
"9a6849637f1b8332ab289e27",690750547.623861
"498de85ba30cb01e9c686081",394640380.658956
"3507f260c3c6e195fc444533",475382210.394566
"e538d52c9b2dc994491be3db",413858286.657862
"f016ba59a64f287099fc4af4",513256052.571388
"380ae516dd46442f97acfe14",517439920.890054
"c97e4d7e08db3171290e939c",622698447.055141
"f7847aaf1491103fd931aa5b",618981963.362372
"08f6bf438980d55b35ce7537",618981963.362372
"a6a06973b5a4c990d5873b7c",625593538.623542
"6e26918c69487a735a639c1c",617826741.337649
"cfbc690c55e5c2bd8dd9d89d",758263642.950131
"56fe5c13f11813b82dfb04f8",683684064.012761
"296f0158b5cc1541cfc8419e",745165813.691374
"6ed2970ed02a3e50ac984aa1",514189595.155227
"4c9f3af11fa91e729384580c",623176919.850878
"2ce779caef0637db97954912",614019318.26859
"d743892816160218a63dcd35",622913032.947518
"758efd6f99db309c67cefb12",581292757.449797
"a4146ec09d782b08e8198e11",774265436.63976
"f415c2bc1bc0fdca091285cf",835031162.128346
"39ef4fb2a43fa3bba15a0b16",681658894.515809
"874ee4f1b9c6dfd3d2358834",934137888.710327
"e9d514f90ebff0de1936d09c",622223269.674966
"9f15c77d67021f349714806c",766939406.371112
"a600ed86cff36e636d204f39",507257984.884127
"58f55e9bf743e2e3ad43c274",622817856.795897
"af1aeb2ba89d29973f73511c",517253244.622859
"bee721e93b8d8e7cb37dc992",507257984.884127
"bd52dc8dc5398e5ca2952473",387283779.897652
"b71095bf5e80bcefafb12d52",516500009.274122
"a7f48fbdf807da68594e9ae0",447783737.948811
"50de04936770f874e1eb86c2",404254005.373338
"2ea47ef8f02712c32613fbd1",402233968.998648
"27eaac0ebf8a5ee99d143218",682809223.697788
"ee594b6bb0751dab39055b3e",677163303.457512
"eba0410242fa1e8dea90b194",693635662.9994
"a619d30d6f2e2aa3b9613c04",510902999.662523
"df58a4244134d3493f3c9f30",798981996.972315
"32dd96f4f07f67806146ec46",481780146.335572
"a77ef77ffa731e8980d36b27",669166659.922665
"a2a1665a693852185673f6c1",764037676.596175
"8267eeb41ed1e68144301a3f",616250942.210862
"887ba6b287a8b3ccdd5691b5",661319869.863245
"1fc94e9dec93d52e0062e07e",655826902.642007
"ffd3d51ecc85abff64258e1c",797502934.358927
"3eb79541c2ce9413d2c54736",659146648.599585
"fcefb2186b13c8bc39b17915",641935515.39741
"d4a43654382201db5d318dca",600813754.650823
"15fbd295328ad698d3c76aec",577640438.757849
"7f5e87fbb4952caa0cb658e2",771660249.365429
"9d348aa70957592dbc56ef32",715832850.934208
"2ac1105447a71f68a50105d1",692096766.295048
"d8ba9eb448ce35ed404e68e3",720944521.184743
"21d42e80f6f818eed990bfc7",777068738.625667
"81c890b0d7cf787a091d4081",767362757.479633
"518858c561af5c13c8aef9f9",817840718.350282
"01cda25ee8545b9fe19717ed",808944632.208458
"2c34c1e1655e87ada03f411a",711943063.094661
"48f9e9a87e7fc0a678460e05",880150314.466864
"76ae7be5da1785c37736fdb8",690750547.623861
"3918fa99179953461fe07f2a",706342492.401548
"305080502cba05a1c165560b",588774375.774106
"5c3aaf3f75d6d3ae9b55cee6",354994952.391103
"2ab263b5d1ba72fa562d64e6",817047837.230593
"6d13129db564ad15e69fd534",641935515.39741
"7de7a2a651273df62aa6a21c",764037676.596175
"59f9cc9b23cdea5bd4cc3ae9",519061916.566033
"d4436ad417941fde0aed2818",641935515.39741
"80ab8d9f157c25b40f102854",715832850.934208
"06ca01d3ff86406e896b6fa6",514821937.287045
"88f36882dae9a0487383b769",354994952.391103
"da474e23f34cb63de4ef28a4",715832850.934208
"04f968f1873a655fde8702f6",467085761.53308
"1dc1a51628b8eb1bba214498",412435405.766231
"e7cb4cf600b9d931eb295c71",630927184.657436
"9052c644813d546987a72305",631766390.851675
"1e32a8825a7ea79c28e27a8d",587868072.124533
"82f34c2a6644c4cb0649c44b",731211520.644847
"95815bf7c79e4bff3f41b233",764540000.443259
"f64f642775ed2c9f45aff215",410248285.759163
"4cac81eebdeb45eb0e8aa5fe",384212388.733024
"c6da2874d2dfbb2ebab542bf",517653413.75614
"e7c08555cb8f5c7d0f32fdda",620298768.50985
"10b7c99bee9a4a21e1f32d50",517421542.126419
"f21625fb82740d6f4cf1c325",639907788.454121
"1c3236613cf95c84c5791bdb",770531390.119979
"b11c3a4642f7eee2e443eb32",605937192.415671
"cd08976dc2d69110375f8541",367269102.107375
"a44c7ace8ab50de7ed8e5a66",394110421.947013
"fa8f13da6d8be3bc1f05fcee",392630818.010734
"77bd7837b02bd8f2c290c9f8",504539112.682937
"11a79681fb0a3f6eedf11d1f",533209026.429541
"70c3b086af66b0c9db4b0b96",533209026.429541
"64ea18085495f759116f62c9",619032815.692561
"ebf4bda17341de806444ba83",599946224.217103
"54228579fd8812c3ea160341",671272988.847571
"dae0265a0f2f79d3dc010ac8",683491964.572633
"7340afa659775cc18d83aa4a",688574703.683466
"5ba05f67a77cebe5cda31e74",717912903.632966
"33dfb510aae260ccefa4d349",765748812.717587
"82af190e32398942775056d5",683491964.572633
"a9b9263f6aafe8531f3dadca",751635593.25685
"9a38e7293e9ad7d8462eeaf7",617272717.287349
"5852773a80f7f1b929c7dabc",838359413.912769
"52fbef3effd854b0ad0f62b1",852054088.360257
"0016e35cfd881ee2e37b49b3",546290790.628873
"380759598c614cbe10ae4bfc",773011306.855911
"fb63e870ceb7ff355299f3da",541789370.274263
"285b8cb5e9c887794ed2fd1b",557777974.063786
"f003a46a1c8e04da0052d72f",449243555.950933
"a731b326a61043070c3c853b",528156301.254784
"d2644b46136fd95c0fc2353d",434769849.505039
"8248697f70c21fa361840755",838011241.675906
"075b5c16441d9d67cf638386",401112715.118894
"6bb2ac0cf2369cd8fd85bc12",648801818.924615
"2c0b3d69fca6677ba9e95327",768594532.469036
"c73ffac843c155f24985e6f6",769298454.485073
"78b57a58368ab056c11bb0dc",693940925.878061
"90b25b6b913c1bf0396c149a",666482545.175429
"fa29c89363ac9cb59667a43d",693940925.878061
"eba756e88209c420d288c4be",699363043.901693
"e7081fb59ffa298320321633",749022897.305524
"db1c3ece26da7b342eb7c8a5",693940925.878061
"f9ef8fcf24d28ce11e71d758",823395615.659911
"2f854c9df6212c39091bcf28",530355008.302481
"ccc66d77e5f68779b1c016db",507316804.153189
"47d288f8f9227013424d6976",520435956.512953
"3e891afdcb568befebd66fe4",599384901.457069
"2d1f036c96e92d9c557605cb",468366306.515281
"dd9d63c612aaddbd86676c34",697148650.599854
"13cf784fb3553f75acf25a4b",468366306.515281
"57dd353ac00d0e99abdb3733",765770255.061723
"ed0051ae106fd0df60a14586",785754597.661352
"0997324f14c5823413463546",855044099.697617
"e2cdca1756b1635dd1ac2b2c",643537949.307254
"7700df9486a1684157527739",403080957.091914
"e790b21630ab963a65c53df0",687721979.200913
"2bbbd9878a1e7c55bdacb330",720002910.626779
"decb25b7fdc0eb259831cc71",638086717.614586
"fdbc74fb5882051327b3caf8",514239370.434783
"39dee9b1661292cdda6c4823",762332178.82654
"354e2de1e3a81a63e7fae4bf",647688685.437481
"f80b9e8c51cd71c5be281652",424798077.58478
"a96b19e82d9811d5de1ed0e6",399597912.595895
"5e5ca2753a908aa1b7fe80a2",534378867.534998
"495b6e61d1b887f8b4c1bcbf",612145739.308496
"ad8ac9edabcf2d4b06ba9fc1",666522472.290436
"359f6a66a407e30b40979d2c",607064075.603972
"ad351bb6437583ec871b1739",771660249.365429
"262b1c8ce7db2b4aca2400a1",853344421.804707
"6808b10f5876ca36f569a4b8",794012186.800348
"54c74b36962edcc922573792",530509777.269158
"e7fc4e6b1fdb38ffe68fb680",490085575.581124
"1c9325df5599379a73e18053",650966385.489636
"8c9bf9031bd378c1105e3f3e",742110470.089406
"be70989d473cd731f6d8e580",660652852.276187
"46136f5f078dd31170c58e64",775331641.053861
"7055f85f7749c4646577a51a",439282866.224621
"861aa922b483f9bf7884dac5",390316905.471447
"45f18e0bb676d2495a227dfb",480101375.907064
"9cca7c1e9ff65766c8dd2e29",402853770.604941
"b2b7020e66872c8d83468cec",469073647.579373
"7634d7acd4197594271c84d5",409025175.203338
"11ffdf367d817b582d590db7",603453325.161591
"103687e73b0528ec29725f1e",547093707.297676
"8b5369b126b75c497b1a7b73",544568806.65834
"b33c9b03cc12a253e4936cc3",597235933.780744
"ab177c5d60492f2ff087708a",545245534.490005
"05bbd028f30492fc0a9f35d0",584038932.370212
"2b9fd26383758104d567d474",544568806.65834
"4addcabbe23020d3d0d46ac6",544568806.65834
"d93ba0c32244c455e0f7baf4",544568806.65834
"92b772a38d5e38bb51a3f621",601983481.846425
"135ca1dc80ae4d9993ec46f5",544568806.65834
"ed5192bd8038c77ed2e46f0c",550365790.592797
"3a878d44356885ea61bd882b",544568806.65834
"c29c69bc6758d5976024e455",605941213.064504
"dc486a3d7e9e2e608ab2a7b0",544568806.65834
"1a34acf8e509659534a56b63",541091358.183589
"5716ed7d678cc2575397174d",588517855.895902
"444c68a7a6cd0b794768d5af",511826788.076993
"8a724286cf661794084aa87a",622205918.975621
"ff9c4796bc3ef18ae7bb724e",679155657.85958
"35984f749eeb84eaf938bb08",752070130.764412
"0998999f12dfdd50c597c6c1",806156243.98519
"58bc65fd2e0e4430fb353d83",743123601.106851
"fe483817d899e0044abc3787",736797033.97998
"183a8459fa248605b8b5bc1c",720041065.992953
"a1f0d61cef676fbf798b5473",635409934.824164
"d7d3cd587d291f389ba2e8d1",716108273.178081
"ff8e7294270343a00978dbc2",599595581.389953
"0996cb112fc3919564e87c37",668856488.456576
"f183e3651c485e0001e64880",745165813.691374
"e28474959994ea9c0c2eeac6",706559718.645561
"682c0a5f5f3130a61b5214d8",765748812.717587
"245663c600727f7c214063c9",620312916.169044
"dea79d1b25bb9c78d331e3e6",667425017.60455
"ba212b5f12959e34b4887315",810430240.370471
"dd4eb14b56cb00130955d021",710564948.507237
"4c94103d4366bcaaee4b550f",839927748.11227
"7bd9cefba3f5dab498ef926c",1044898447.90931
"1d7a2572b466070f08c6e564",550917567.34329
"a38e7af984a471331b2d758c",606276439.469755
"b6775aefafa4dcc161eaf6d5",356891833.596738
"8654295684292e74d0245238",502011439.177052
"f0ae62ce6eebc4d07415c48d",629832218.088277
"969219d7b193ac92e7a008ec",503302015.255548
"651d6af0968fc05584cb3d25",522977825.632343
"4f992c2a0526c0074bbcd875",388030313.764187
"9536c686b6ec514d92493f9b",507852572.005058
"5384587ecbf956275d86e60a",395446191.281837
"bab5690da7c42909464cb9a2",554758744.568281
"bc91072d808fe7b43e972f42",504697699.230431
"37cf2c5c1c6fb6e601d2f76e",588151958.977191
"4cdaece5d1dd4e089a99f47b",477075683.04355
"b37af80bba5adc197cb51649",580433058.787673
"552152b60bdc1ca16d2dbb71",715915112.175253
"32354bff9df0267a5e139156",627918027.402214
"fe4a6d7d7ed28b85c5816fa2",1248084263.42693
"afbc7773755043a40a7f9d6f",402980158.956515
"daf2efda70c6f3cd9257d0dc",506610140.125951
"66fa7c9e82a2876216b14b1e",477318385.052028
"e34517b1563d829104e230b4",376685355.739385
"222a35842b0bc09f48e1d0cf",477278252.372546
"c5a64fe5ed5901734d98a22b",476411922.81987
"05db9fc492801eac98f69c7e",428593530.590725
"6e4ce81e713a571601d861a2",481350999.865894
"79fe5105ed7a7861d3c0187c",456612828.710276
"70ea911907d320da1f7f9c41",414818564.203713
"e60024d6e0b5aa52e27a3b5a",395809946.339976
"bb63f086543cde77832bd4ed",395809946.339976
"b3c2187fa96006fecc6b8ba0",395754456.894626
"9499edd83df77bd6a90560c8",395754456.894626
"a947158782fe2832cea53040",457987914.193029
"2e1608b8c646a102e27df16b",564342013.100286
"77fbf1f0c35c1025ea4803e3",555893577.793704
"f9e6a759b069e04b0cbf0182",572466026.935062
"1e158f436f2a4caedd1563a2",573418143.336836
"67af004f80b08fae38f472eb",638668546.327877
"386ee01c3f7bd8bdb91181ad",647435972.259414
"36ffb5566bc35fbce9e42679",602323964.88876
"b58533a6850620b0960db713",612819722.448187
"41353584f956b9e316c6c67d",584522325.786014
"b1d1bc7ea83d5c584988b95c",571473014.533043
"6b1c0866e6f12f7fa8de94b2",572679152.141413
"fa4fd8380dd2620c672facc5",528373813.195077
"44394e66504a4d77587ee105",630398094.120737
"d841d6a82425710e36460f64",626466583.052467
"33501f96ba3b02da073d586d",619263017.025053
"831693b6fb81df1359e45db7",537859393.011168
"7192b9d32e4ad55f6af9e241",498362674.244665
"4f99b97100d003ba3a2ecd46",584213077.573772
"83d969bfc020aea27d2b829b",628745834.437729
"39be6f994f2cd3d68b51126c",626797191.619805
"712f16cf2506710d7f2a2e8d",550813172.194322
"7ba618fdb1fe8694eaecb64f",637097640.784847
"d8735967c942d1a7b0cff7c6",641785152.144061
"b4ef40e00d089a35d750888a",754772165.758628
"7d73a548c2a29ef2d9655e1d",736540709.707629
"63131b8d125073c7dfec72f2",785489987.745257
"a65655a4f42564ac48bdffa4",762624315.436506
"033d3f8ff56907db4c453700",797128416.778839
"05e8878bcb68d03e3b656eb3",768838866.771843
"2ff0775d2c131d19804f2a2e",696402757.239356
"9957ccd807718945178bb847",761626809.962745
"7bcfd82ced5d6f1ae390d388",632048957.011852
"adcc03f332b427be46f118a5",758046337.643906
"b5dd038cf35169bfd0e62eb7",852872000.381155
"35b789e1d63f8f25980d21a1",777068738.625667
"c9a215f284e095850c809425",679829037.762628
"d26efb0e1213e19c378edfbd",689898615.348099
"9990217fa4eae1d1c4ed051a",756393245.845178
"2e9390c4423db604e1c7c4ec",714475028.324325
"6faf9b6c30b176e36f2f1d32",729129554.039124
"5b83d91f4d6364d3e4be1428",622817856.795897
"0d9616f0ac8b0c2e9e0a97a3",634224455.765186
"9c9fd309cfb505b628f84fab",619013595.131064
"98b77fc0888335702d082f8b",696214885.441423
"051d68945b95562009d4029c",696214885.441423
"eb8021804e63016fd934c9b2",736148011.355154
"ed6c8c45bc8c1d160cf0d0eb",805408918.421777
"9fc8c3523883947769b2fe6c",615635495.658516
"3e9cdf767389ee551b5349a3",708210367.374155
"512effa47a1c7a5420bdcd6e",546987441.205935
"0768e70fbda0e09b88c1548a",638447773.029619
"acfa7a1cb136e4474b7efe32",682356899.721783
"a343e6ec6eadb287711d3834",703839135.426745
"a698d80ede6cf6243fd9ed99",858700458.661869
"fa5c81237a94f2f78f05977d",772986668.529413
"999c8da7dbed7412dcbafb70",752135116.792048
"c33613eff66948d1bb8ea3bc",850784273.852551
"a642351076b7706a733dc52f",973565508.271251
"c69e08214cb1fbc09ced0971",414494879.68705
"48a20e676a060954308c9ecf",452768830.066652
"304ce5835e685778b1c2b6a1",543597424.723414
"c859144477dcaacbc1654a8c",575891684.857657
"98865eb2f40b8a30893cd351",521337790.679417
"68dd15c8e9b71171348ea24b",803846138.057261
"3c660885ddd7e98ba5ea26a1",914734711.265285
"c670315562766401f92913d0",583222909.998157
"777a8d05edda0a335d89e90d",502365582.89967
"81f5c32a2c2d3b32329a645b",622374200.533364
"40525fc425906c9485f1ddfc",494058984.651404
"8b6efcdb553f6e936bd90f3e",537038222.889507
"94dc108f1d146641b221cb81",595442936.848032
"1034ee7a5160fecdb5e8c27c",569009710.192972
"48b34600046c903f0ae4e6d1",716696879.326037
"edca31377b4f7299f8b45187",602224148.608532
"b1586cdf68f36926c3bf72a2",400364812.501073
"70b15c2a38c404e62ad05171",403083666.345298
"ce18358366157fa869bf3833",409862213.685266
"6883fb90099426e6f3922909",405050226.236846
"1b7151cf29b565b2f1caa559",410433172.033652
"f2ec3a3598c99bb8c38cd680",389254363.936793
"38026eb43ff9876cd5767ac3",371577735.23744
"9f68ff98e302ab06df4fc672",379462630.093893
"2d2ee255ed2144b9fa1fcc39",511945002.744421
"029224b78e8f358aa9c38e94",518526318.287112
"88da5851280dbe750968c565",570421988.56914
"1c67456195075a051513b28c",571856379.401321
"9741ff1b895a038c32205784",498860407.680638
"75fdbee42ec89d428143066c",518357466.636331
"9f27627b9e439fce085cb01c",677938507.781172
"a4a4a57cf20ad739291aafcb",612365284.456327
"84a074517742e09a7eb6f320",617312802.766945
"28fd0437736c1b17c7ea1f33",670387188.346765
"beadf1de0732143f0699895d",660147691.150113
"b027f75411dce9c742c5d0f1",623262331.009815
"182077fd9c5142d503309490",704656474.153062
"b1df92683a593edc3f2b45ad",658550621.278096
"38cbcd7f88c1520fa083af9a",668744847.302048
"8ab5eda5b66a6c2becffad29",645203198.952629
"e68ceeb098f60054c19fda0e",635217728.605476
"e6ac4d158437142c15bbd4d9",600623938.334976
"a448d8246781ae78dae61619",653397792.808108
"4e878e99ad2fc34400381c3d",647226031.361482
"beaa09cb49a98e8025fd7e8a",603863588.720651
"3df855d8893dbc62eabd95c6",624230464.624466
"cbfc3ca911ca23517da8c2d0",635767441.997824
"a020e479dc5db78794a5fa77",582344170.502801
"6247fb0e5261d4225f6c9f1e",859424489.040178
"93822a34ec8dcf104e7f49c4",655511286.488232
"17d311554f40ae8b40234c31",657947928.195444
"762e044ce9371d7b8c7acb6f",668483888.815932
"2fad468e1c248f40ee3586ad",628467994.247884
"fc25df25f4151a16cf0c90f8",602093084.845477
"39c1613acc0ba4fe622c1f31",760696733.037747
"2c15a0733cdb932ba8f2225f",737845162.640092
"1db68ed64501f35c51d74c5c",790623564.170799
"1d968cecf268a7f14def1af7",738825873.600027
"77c886207faa6965238b152c",501480418.016568
"86242b25bcb2dd775d25191a",549817929.094186
"a8b457cf82926e25cd862af1",691152112.237855
"fec1212eae4e6369d5555d8c",599372668.811287
"8f59ec48e38092ab01c23e33",630548416.543633
"490b89e972abd7e64b5ba6c2",630398094.120737
"f8f217756d32f31faa784c2f",758968048.456288
"1c2ec62e8ebba12c6146a04c",723932212.668235
"2afa1699af46ad8124f76e4e",695921566.413039
"8c1695c9a31de0f956e4ccdc",721102646.650678
"d88bba495701ae7a44eecc64",671174052.034809
"00571815d5a7f208eb3e7737",751820141.749563
"d626a635ee75c23aee2fb327",822688265.688652
"7e3937cfe43dc906983fd321",1088541807.85987
"ddd8906ea4a22b782c7888bd",635787033.413636
"258abe0fc321f6b24d37ad86",579517093.054292
"f637a4885488bbd499199148",622835859.228424
"97f5e6ee143998e0b3fc97c0",546290790.628873
"be4b96920e3aa5c57baa13b3",403090245.67197
"6e7f3a0cb6246f13656fc95c",811371377.156029
"0cdcd8cd52bd1967dab88a5f",523815628.549354
"83da19e7fbbca11083090574",431025284.349433
"f0cb484eb3f6e04b5b1806ab",592977190.462738
"fbf8b0f1159e89428778c847",548324366.650089
"7c316b981173919b6cae5516",615775369.061441
"d6496a3215daad9089fcd5c6",852054088.360257
"e104567c1cc70000692f502c",663346560.573961
"c4476befe0002dcd0c315993",524428762.221702
"3008e821640b33a8d70beec9",444712695.743981
"9eaaf577807d86ab64fb14ae",431025284.349433
"9db120a76af04028d2f0ce68",403090245.67197
"81e1f8b1c0e3b15f2ebfd84a",454843467.474438
"9943a2530009f62cab6b466f",568218342.200799
"a8052c48a500926214eb2e1e",518526318.287112
"3335313b9060ff29782906b6",524374543.358328
"cb93bf58a01eb262cb003061",645203198.952629
"0e04f84529d92f2832ef986f",745884912.499218
"807d7f5155bd299afbb6491f",624230464.624466
"76558d67def95bc708039f05",758095909.283324
"bb19983466b1a1184ee7ea1c",641785152.144061
"34067d9b2b4e45be1e5cfa32",855615548.677058
"1c4fab7d9cf798617fa90a19",368944948.169758
"b4d610e0ecfe007c133a5ea4",458748676.536487
"ffbedc0873b99654d10188a3",458023763.202968
"ac413fd87de33153899a1d04",449376728.309447
"83349bba5fbddbfa2db5078a",583007486.326784
"0a759932f763df64a463ac18",524581764.262145
"fd9ebf37acdbb0e4bffd2fb3",581750205.111447
"f725f6ebcc3fdeed22bee385",545734599.14832
"ceee9fd6e692196b960443d8",581750205.111447
"bc10eea54e4a1767881a2391",547715843.495076
"4ed5718470ffa3e5b5f40bae",581750205.111447
"debd031585e9527fe00f116d",588077184.275257
"23b5f2af5d39edd25db6a522",610762449.964786
"f51000446ab65417942e535d",591816207.132123
"e6ed64435c659f236cf213a8",649493568.588335
"b160d30961ddd3dac16184b8",699601679.12838
"0cad79296edb4b18582dd77c",776018361.735343
"7bbf8e16cc32dec423afa6b3",670387188.346765
"acf98212eb702c79f16bb058",766592191.131074
"1747dd033c2c2769974a06af",690318340.390475
"d54e80ee72354c70cb84323a",690318340.390475
"de901d3433ade456e9edcd79",690318340.390475
"3fea10126c0c651f02de7167",690318340.390475
"f823f6d95b4340e8e4dd0d57",690318340.390475
"ff6fa86afbf9da2aa8eb7991",690318340.390475
"a966f298e8d4d3d580a72d99",690318340.390475
"5b0918cab84af6fa6c464037",672731092.859711
"bb1ece5366ebb2ef9d52708d",460115955.884758
"fa926bec03068764c8545d41",454235881.973726
"3bb987adb4ff573ef09b8c12",475670341.188482
"d7fb188814d4c118ccd83989",504135890.109723
"ba511b37b4bda08d191c68da",472468772.717127
"3c2f62f464aa5c48c470bff2",716483873.823364
"3256c6c6f30aea9cc79b7283",734585230.990637
"9844c3773f7a50c71f218e99",820932251.350079
"23229e392dbd8fd9d80637da",820932251.350079
"e0f47a028df2dbe9129cde7d",829045227.311975
"a12f0f00148e564ef78838c5",825457316.132357
"d3ace27450b980262ba9bf76",839248015.264832
"0668a4a4521c783a2d817413",856008990.049411
"768f69f0241fe339b6f52fa2",966488844.572732
"e78ef4d2b165a8e8781c258d",384206598.107597
"631ecfa47fe167bfaaa967e5",598199422.398091
"954e3065b1e8b31a68f6d4be",379198763.50188
"e81c5c1b820636f691e5c5cc",775577068.497338
"b4c779732e827ab2fec8e8eb",639806880.967789
"b58208759ce1402501f68906",567843938.906949
"59805e5f4080246ac1d92b34",608245005.713211
"a3fd38336516b98117e328b7",611592722.156768
"c0bf06891690188e17ceeb8a",475420155.719001
"efc8ccaeb09a5e1bb0bfe011",669489088.794274
"8e604d41e0cfe9c93ad536d8",744143631.198553
"f770b66579bf2b55a714c43a",643844305.609168
"4e01f07ee4b1241360de460e",806658238.951307
"dba1be42bef913f35a95735b",720882598.084463
"d839ca90c5df85e5cab54ea1",727061926.230644
"ffaca67ff9f0d7cbd5bbd295",778128122.2457
"6f17875bd3ecf00566dd5c1b",594657328.024435
"10d01825744060a7b777ee4e",528634655.917639
"185b333862e7420f25622efa",564311244.734774
"7f7141f5e1a7964ac6dc688e",754261053.025627
"adae78b82caeb073d84f02ee",704538450.494795
"4c0f9275581b5572635613a1",515896786.130596
"9d6810aa1035e91b72de6a26",470319837.984427
"069798704327652a899a189d",584170513.340859
"2f34de2546f13e8a9dee1edf",641413871.449706
"8147da5e5f53a163443e8506",589089826.662095
"6834b61ee23cf04daf4fb83e",817840718.350282
"59cbc0e7dc6e6922feffab8f",703043191.556296
"7cfe5c3f5cb1bf095eb2c503",550359039.133174
"d916219daa90cd2d99edc609",588768351.342397
"e78ad3483c5aa5a7a4310720",640636694.701879
"d048fdc255a5a7f474d48c0a",641935515.39741
"b76a3fe6a49dcae6e6bf5815",586783697.909972
"75fa60dfb737ad50073848f2",619653761.489087
"83c1d0e2b8826844416abd9b",547859005.308387
"8c02948b66db263420c20d3d",631273344.009777
"33ab442cf58cfaa33eefb6dd",456612828.710276
"d379dc03d78685ad14c647c0",581259495.986135
"5e36efb290bb265d81706bd4",702041909.656991
"db534a5f57e92d29b9e150cf",697716992.706374
"5354a816a7da90e205448832",381929917.807403
"f0862f57dd6be5e7659c65ba",597006410.265053
"7d58eba13f418d890ef563da",641231124.274894
"c2fc3f04c3870e14b89d5fbb",765288700.95341
"15537000b6806ee84d4615bf",641935515.39741
"e82508e88e3f62fc8e67dc16",782090772.590943
"86ee57ce617b2be312a9efd6",822063852.530595
"6bcc29a0afc735bcf3621595",748990426.456981
"d79e2addf7c11180be222103",831092097.395805
"adeadac88e573824f08efa21",721224879.031137
"922c37e46fe9e75e73fc1f35",599722044.62454
"5d09f2d1cc5fec761ac4372d",570545973.901166
"8c5aa3c826f325a9a6c6f524",570545973.901166
"fd0c010fa0c4b84dc75ede86",698254048.040586
"c23150d0aaaf932579561998",690750547.623861
"163405cd6248bc3e832dc93a",698464774.934403
"eed12d0c3e65e9989fc4f4bd",389744891.427379
"e6fd53315e92a55c6b67405f",421070159.61792
"7a3ec914a15b47726567af96",621575424.91679
"7f02f056d5eb4aff92b44659",584641556.897338
"2d5d9119602c228b333402a4",683499503.481351
"43fefda5a3b0781578d9f2d3",799725486.676011
"513211d9f07fd6645711ae31",412435405.766231
"c3e1e0d2618556de7df13403",466006383.819195
"b4a4d705930d9afe896dff17",473782790.680288
"e44b023e39910ed29f4dde2d",459982464.479017
"4e78d095988a92642a1bd18c",450247821.887972
"92507b623f039b4ef5be8870",666585178.143312
"e216fba4bffe753a527ecd4c",604576958.201856
"24a4199c17f9c56f0b3ed12f",598367534.96126
"6bbf09c3bbc3e3a000cd2afb",589089826.662095
"b3d45812baa819caa1400255",621048912.749088
"2688e4cd1fd441d1da455504",589011231.452744
"5dc1fd6ec7ec8c8af71e3b6b",712235775.460573
"f7b7e298ca8fb75e11e92999",586322429.802109
"05b71daf88eff5ae8cf5789d",562466661.457744
"e8a7ddb4e5d43d156692326c",845955161.486235
"632820af2a0477aea5ccfa1e",791303047.432507
"43a3fbb8218e73b956ca50fe",773861676.859591
"398c195aa41ace34a16b0d7b",641935515.39741
"ef3887783a12f591198d6c27",546290790.628873
"e6653cc1c94306d4e56ba216",650132977.868398
"166c21ff83e97c6e74169d92",770601428.154536
"d0fccd2708fc7def00c72317",641094162.000183
"d66bd7e4bc7b51d23af57de2",812325489.159834
"8b47b76193159a21c3580a3f",787921050.736476
"448d159391c38e4ffcc405b4",526657851.932922
"9ce7fb3190866e6a02e01e26",556630199.840446
"c25f892c01420855f61c3dd9",648468195.093359
"2d5ccb12ebb6fc7d4ba462b0",614423156.946138
"9eb4041ed9e159ec0d890de6",734529643.557377
"c342f6492f90ccf623e8e8cf",527620418.657905
"c3a78d9bb10165d9be188394",591204599.907506
"1978d8fc2031af21e98a4e9e",669184828.367293
"d6d581e852a025b61cffd6cc",591078290.831761
"ea28f68a1d1d81d29b88531d",775695577.296266
"a3cc0422a37512ae124013d8",651681986.525983
"073a3ae443f3333f0f526f7e",770868188.167504
"57238dca767ebf3a842c5f10",755794531.420596
"113887ac25fbff9d30fe8d35",710344572.599047
"fed1a50c562ffd7f30451adf",452220445.456222
"b1e9075645f4b374c7301346",795448870.885025
"6517c1efabdea4c1f93078b7",628358236.584278
"b966fa606a3b50d3ac7249f6",672547197.133705
"e0ad3e9588636f454e9e484d",695924122.609401
"d7ad46cde8eca723de6510d7",624718440.350996
"447f51e37fda773ab748814b",564111149.033485
"a6b992c9bf4eb32ab3d1df4e",354994952.391103
"3a9c7ec02f3e7e419669fee2",510902999.662523
"c908280d0461c3585af94d53",624718440.350996
"b3616a055e722e3720cca48c",681457855.646783
"45a8f6d942533794501d775d",520600268.435723
"b6da1db3aa02debd11e26edc",633899734.931919
"6d12669907d7d80d0b458a93",795448870.885025
"5122b2e9638d3438434fc56b",807779161.923003
"6367a127b452cfa27043f74f",755302976.64608
"fb3d29813052141c015669c2",374182643.931837
"5fb76f2095eb1a5cacc2524d",413098079.219226
"95632ec6578a204881694dc2",529046820.625795
"846b75324c0f3cbb027387c3",507630122.390076
"940dd8311f2b49d4ec212fde",762413971.776087
"bd0261ab68cf56950ccdced9",552703627.081233
"f79f0c23b5cb96b5d022582c",580676608.633295
"795cd68f9a5ef45902712524",531552847.584199
"d908973d90db91f772890c9e",510902999.662523
"d670be6c848b1e92abbf415d",510902999.662523
"87b940bd3dae37b9fdac5d4f",569554143.73037
"8a7ddcd0c452e7993bc5087b",589288054.806058
"8925e22f8511be30d50545cd",786238273.63841
"1342c307971094041c9c240b",630398094.120737
"385488342bff3d3587250c84",786238273.63841
"f8e25b7d7e93c45df1b3a4c5",830760393.173307
"fa4f331f05b1488990a69ec8",617272717.287349
"a71d187784b309d65cea0b14",523215950.127427
"0f44b84024412099f27439a7",605855365.852926
"0ea1a5d32324d270cde1993a",602936517.854278
"b13cdf9314a34852e8db4221",511274954.263297
"75e0815e2ba7269a10d9786f",553503460.129312
"f42b6680baf774d27fdf1e48",596638309.472831
"5cde1a59393643d7ed4e909b",618573643.389919
"8736dfe0f1c6e2181b0ee31e",761083201.725659
"5859ec20de4a5036292ee947",637838422.76733
"1eee0ff52c53f04307cc3216",753142113.414766
"b455979bc938acd34a580eac",546914782.413452
"6921133528bd6fa3675ce8de",852872000.381155
"3d266736d0307404a5804073",584820827.728528
"f4f6e48b618064ced466c302",471513222.948854
"dcf606270a4612aafc5f9f29",610786150.97886
"5e455623c380290e0a8e4e48",485111737.356463
"ac3c9d9357fbe72959817602",714010040.852015
"f48fb9d9c42b0ebee72cfcaa",605941213.064504
"dc99f2871bc05ea7e8a97d72",546914782.413452
"b5cfd5eba0b6297cefd6d3d5",746251617.634835
"0dd30227247f145bae82f96c",759458016.567356
"9f347bf53e4ca4d264a45241",640424327.174985
"81406ce289219cdab015549d",624718440.350996
"a085fab6d9b9d8c24472cfb0",807779161.923003
"1fce0e993a57a3e3873b8d7c",792708243.172652
"af67d51867f382dcd9cf34b0",803846138.057261
"432f082ac51bb0d39ce45b0c",818700205.602897
"b6281efabdbff697d70925e6",641138613.651175
"9215d29512b14aab6178da01",690750547.623861
"6218a5d7267f02c576e5bf16",619248857.139371
"d66cca2c8e08c89af26e7622",641935515.39741
"ad3b4ae81c322a9f91381bea",622767971.81749
"3a40bebb521445fcd32cf033",847706961.736559
"c1ca38f941200a9d666aaedc",693363408.369882
"a1da74ec074df16a1e8690b9",824422000.602109
"502154647e351af240615b98",645257460.789315
"b57cd3eb0290984f061e1053",748671732.098159
"4db632fdebc000c9e64a589b",550813172.194322
"e380184391898aaa2d3dc540",612397987.449185
"dca45f1c1a79ea5ebe639920",838108577.849881
"961de1cc8601447b03682e1d",510888913.421302
"60a4f09c268e61fbbe423ff1",395754456.894626
"c3191b6b40191009ae9f4b7f",848463739.456024
"478ac408d2a5c603aa23cbd5",721474972.793468
"ecdb747ee4a3ebf958252309",582508176.506404
"6c36e346957e336a33a7708d",550359039.133174
"09b18e3f3cabb7d5469a8d51",644603516.209239
"f1a5856ba56e7b12cbb9459b",377187626.695292
"c378ef33f40f8be9263e517b",653634394.960157
"b45911f1875da543199e97b6",821221213.781578
"678c70903bcb6c90e3578d6f",838614769.251765
"be22ce55ba31cbf7cd285e5b",543772616.542067
"2dc58e6aab9399e9677265a6",767077848.161321
"dae55582e86b1f514a4ec3bc",679281975.321849
"c119f62348e418d9ada13362",746204059.238651
"33510511ff07dc7354cca7e8",666925862.223874
"16b79a8af9d6376c73c2478e",682559234.682939
"714f90489426e80933ef31b3",593017949.922315
"6c8e1cda487c9841c8d297d4",710328988.296415
"6d9c4bf994147d8892d27f27",624718440.350996
"1b300634b71b898299c54671",761445538.857788
"181caecd269e115cb5cfd75e",449376728.309447
"059516a91f938d2e8fbcca0b",768941852.05934
"c42ce8f9f62f7a315e028e3b",565213106.678811
"bc23e25cc246ced4731ce5f5",752619136.371661
"de44f54fd6b1b62f30956f5c",614742301.563213
"2ef897a38b95d7b769856e78",614745299.659438
"2280b5f7c47c3b36924b84a9",464846199.947873
"16ef7eaf29eab571e229e537",792708243.172652
"48b1f800656bcae6a9e70802",634474013.745435
"b4aa025f8813a3f0b132b7e0",492701474.128643
"3c6092e8458ee81aed0db0a3",593251367.0608
"d919dc64995903c9120eb61a",774864374.033145
"ef53741b01120666a08db213",740993412.204447
"c3dc5ad23dc8cfce0671adde",754099009.054612
"a270fe47ba30ef0056ec6c4c",504835910.985971
"f550bc7ab5992a6fb48eb60a",778633532.403345
"28f980b3c741866e0db5b761",608461159.563312
"c2ebd39857dbbacb99e6cc96",667263807.814907
"bb9fa21902daecf876c0467f",662107972.576881
"fea142787b18327108ee8929",627918027.402214
"a1647603f732f97a99f5ec6e",653817404.463191
"775f25d8144580541bf2746b",495497395.570265
"527a8fb085995119f846a5d1",844125281.099769
"8b69bb9fd7f0f19a248f5cf3",477388099.370315
"3b14b48188fdbb0917414039",454235881.973726
"02259637b8ef1311c69d3d90",674509431.53877
"50eeed30ba674cb079689afb",454086142.599798
"5fc3634e1fcc96b9215a6cd9",854649009.932674
"23cc24e23a1d74159ff78464",771660249.365429
"44551251fe345b31ed71aa5b",337943604.220821
"82ad984f02ccda30bd60da8c",798164938.239387
"5734cd4805f5c055d36ec645",634708619.93501
"fc7ecefb27bbb5c3e25e899f",402959777.349485
"5ecbd5b92092264f4e9101bd",599857322.880621
"83a8d9df3a535fd273b27c15",729899021.743956
"d76fadda8063e44483aa024e",740131882.83995
"a15bf12a6b8749ac8f9de19c",408048106.898149
"a3f32d81f4cd99dc85a16bcb",592274298.755612
"4029115038a899d98dc93d3a",829045227.311975
"2326bb628b4a571921eb7345",573996034.88813
"471d6fb8037049e1e4d120a7",840444097.583711
"b73945103f07da807f7a30dc",825457316.132357
"d6f4479f9226e52c93d70eca",521320326.553817
"420b03095062d9571144a276",648363421.58859
"ac0185c8f724ddd40bc0d235",547665761.443568
"228280554ba149e60f81d639",644002763.665449
"8a44e15417d8e520a99454b2",390515664.741363
"8978ec4c5b2f02fbc1f57820",674836951.254397
"2ab88dcecdb565b6412f5bfa",449376728.309447
"1dd6f560c804c4548561cae6",812013326.313086
"90e94b7e392f84e01a5f1551",660743473.718091
"84aa7d1c2590f37f0fd6dca1",489660098.65516
"0821fde7debf7cc445434024",501480418.016568
"b9973b07c84b99dd1018050d",450247821.887972
"169013bdcc2ef214e0163ccb",781891147.014713
"3c8eaefb3f5dd8d4c9f5386c",616250942.210862
"42d91ed3f3615247f57ebecc",693171308.929754
"a7f1397df30d6521c216e331",758917938.400867
"f6c6ee12e338b1f9730b6e2c",454086142.599798
"8f4687b666256e136148c3d0",758917938.400867
"925f83e20a153a1e094bc606",748984494.494352
"cd270a11dd8257648d1f0444",767069945.837634
"ab11db71265771ed4d9de64b",451396797.254716
"ec199e33b7557dd669fe1aa4",377925849.755038
"b47fe4670c6b065a9e1db429",470441516.3979
"918947d51e52e0caf692f22f",469073647.579373
"070543b03770991d65cc337f",910191787.178075
"f45dfcffe189327cb0d303f2",535850426.863908
"d2e7484c81358d4c79f040b7",688337975.775256
"73ff3a6b0cf4f7ffb244507b",659578003.432636
"b0cdf05097df437354564bc8",399062571.392285
"33ea5de5e8f5c639a213414d",818484249.777908
"c94056bc09a4bea0e853cc41",584522325.786014
"6d5a91ae44cad7849dc4e969",782694050.219368
"b52e0738dec9d2f119c75a9c",571022973.296071
"0e35349077490a01f25e2ddb",656071732.927953
"9a5fdeb5f389590eb46e7aac",818125926.789381
"337c81be4cb14d494ca69db4",693301898.595315
"ff28f1a1ea72e21acb157f08",830992799.015664
"e83ef75473fefbf8d7e52302",429419381.015789
"6d3e508ff42615eb78862723",727498571.565104
"3b7ddf527979726fb8aa1683",450247821.887972
"7b08cade91e2be20656ee856",482423441.831968
"59cb7abb39785d5263a156c3",660356490.448562
"bc48ec7245297b4cb85dca1c",683242615.618173
"0f366a36001c0766521b9dce",817755234.625929
"6ea022e53741adac484c1798",754845158.048495
"aebd6304298f84e7d440c379",847692991.667025
"c5b333e454ed6e93ad32d96d",592648291.648758
"bcd31d201096351079cf7ce4",584038932.370212
"46cf5b18fd7bac0d3332d70a",772501393.498006
"1dcff645d389e7b687a498f2",674509431.53877
"cadbfbea1d03e6538af648e5",446041669.24836
"9dc0c6ef8389978be58daa59",768748517.643477
"fdc00f6ebd155e84a387878c",450247821.887972
"99c1b39476ee8e2ebfff6ffc",622144165.515906
"8930f231a5b9d8db14e9c656",590039244.782297
"2dee15f1b082bb986f8d9513",806281873.871188
"346c734ce163296a07526a35",704670841.890788
"6079fb3769f843e99b47988a",592065861.98891
"f5802200af1d28eb48466c1d",407839670.131447
"1f8068ab65469ba56a1f0c4a",407839670.131447
"1ee45a731b6f0242b6d2936d",592065861.98891
"56b7a6da82134b135fb7de2d",596976511.601812
"340c4d762f830197fdaf0977",746685773.280554
"1bdc0d441e63089737ac4c27",736312507.286548
"b3d82ceeac64b64142286375",563051765.413452
"947421747f33db213e6b1326",549298225.630525
"bfdbb7aef98d4855d459ac94",577273294.249221
"80e88d50c151d5534a57f61c",686808561.293842
"d0f6e19e92c03b40a5aae3fa",822110479.696961
"6e2a3e49dd6434ed01eb5e71",767450015.629739
"89e2d612654b3c792311faf7",745460716.646758
"29425249fed4a74ada083dc5",489980793.024487
"fe0182e1795e2b87eef4bf41",685854694.266621
"dc9cd30b760a1280e0318512",771091055.387893
"d22313a06e43b8ab8f6672fa",456544686.964276
"f91cc2e5edcbb704c293084a",867870659.637984
"dae776f643e809387148900f",718546559.536197
"e55634fce84f78466095e730",697271144.875892
"a507a938532411f06c57ed8f",741215552.231433
"30f3b383f2d5e4709c9304b1",741219108.412683
"aaa43db51d1ddea564d1bd2e",655248781.395393
"b3e76a0a1fcacd0218c17908",386796781.438609
"e548ef7a5650696c0e968cf3",666006338.193035
"939afc1f6250d528b0be8e3a",641940059.208037
"405baee61afa4b08dc25e586",735721485.8223
"0c4781c598c06d538c5fcdf7",566458570.008517
"fc321e2d9b4e954e80805be2",706588832.062054
"dce18d258c352b7edc60c304",709666334.226587
"7b0a2bd964c04d01387d78de",494330963.017609
"43fd6b5cb01d05c9b1db0e65",694201621.293924
"cf0152b0a5e886e8291ef4a8",506534387.407509
"d05030b0eb8931161855450b",643696811.40539
"281ea3a3fab48c028721ee1d",653934356.367074
"4fcba82455866a6931590dec",768748517.643477
"ecc5e3781d5e004ceef8cf76",372147876.294575
"409cb370961c60bacbdf7416",377925849.755038
"54445913b2dc2d6ba35abc66",372147876.294575
"51a8c190ffb673d4fc27f4e1",589258901.411202
"80e7c6b194b3229e3e2b9aae",637838422.76733
"bbfc9b05caa647bd95b3c88f",506915821.438809
"128cb9247755abf5f2801431",644912573.899154
"ac180e846fda5cd7f1123f6d",668305663.127799
"1e7173670334937dc61243a1",608482051.315189
"c2555955d5175b31e5f783ac",637479249.267422
"d87bbd60fdb8b84a9fe23ba7",622690392.128635
"825012911321d636425cd0bb",837372386.863084
"54561e6ed5570577ea97eeeb",746995597.87059
"3a2a2df4f07902b04b809125",842729133.261896
"ea7e3ba584cc5ee45ff8ba7b",649000027.0221
"25093735f186b70beb018317",817334601.838252
"7fe1adc0a5873cbba4b021d1",967837285.171994
"461749398bbd48d69b444d7b",458452858.545997
"eb8f668912b70fd554c8c723",618282997.566055
"e2f00293305c464b361b6178",651760467.948534
"02a0a38b45e1b196165b0098",391099556.470069
"0e6dc789744b678028e74d56",489595804.782996
"58954e79191c62ceb1ead100",818708010.684077
"23aa0804aabdc61650b8562a",654186429.039405
"ef64565957b5278185b2429e",456198135.317522
"253725ec3d7939088faf71b7",618728083.758757
"a9683df184aa8b4ad5d0cc5a",656340869.529027
"3c38153bc36b364b92548965",561337233.699687
"286cdf6dfcd95ee9edf73a93",402392808.938274
"df93a6e36d9f19e252fa9de3",592531000.660978
"586fde402c82c1eb5a74d634",454086142.599798
"5fd3b0299c0d52e48195fbdc",478011905.671899
"06d33fff99a62c330ef2d585",592977190.462738
"df98fd10dd8ae59956994521",569532519.097785
"361715cb422c5fcd9125d5e6",621220330.823319
"af68665ae8711d009e8810ff",591404964.563755
"63f3295df28c02953241e2a0",661453401.703552
"62d338c26b44153bb075b234",987598320.312626
"41a269c661f20e443a7a25f6",638709214.146471
"c5a8695b7aeba06e46266959",663605772.545699
"17e5796a30da5eaf310d02b4",594976640.531938
"69acab4a6f82ae943850b9ae",655208445.862524
"5fc3ffb33090bf75a81aad8b",585464378.824277
"02d89daa77bb313328fe0c4e",581941110.405741
"6ad1fb94accb91bbc30449c4",356978813.803863
"a1cd215fa99b8776818d0b0b",509736326.607745
"0553a3aa7d961ada6dfcd52d",570225188.776353
"c6ecbe7b57db2db74b0d788f",619619946.199798
"a4b23fbdbc7bbd45c5ebf80e",771362079.012903
"3bb15c6313ee70bf4d88f4e0",744523360.246334
"e05c52c9c8fcb792ace06b61",806438822.988848
"5fc77edb0e5bec0ed8e72a60",756196409.065733
"85e15a0a63ffe482c68ec474",840297924.785416
"859025f2f41efa521a74a00c",621220330.823319
"1672a21e6b2d8d0525df1759",592977190.462738
"7d4097722aad95158c51d24a",621220330.823319
"174fa597347f2b1d3e9016e3",653299839.436835
"3f081fb77ad08f8370569bf9",589885741.532961
"74cea4c9dc0e00dbbcff8b1d",793193119.734858
"4f5de1bc90694fedd216ef40",835031162.128346
"8fa4be9ac1ef719dda1f96bf",763417265.475419
"3db3b80a902c10004cd3a3d5",758222226.745593
"bf02fad806fde4e3575e75c7",777477558.918263
"edd2afd07fa1305fc3126078",413547663.593715
"bd5d2030639ef16370cca032",641399832.846835
"87e74ed42a2c8c97f7bdd239",641726934.001686
"d1c6037d0750bcfe47d425a5",511519583.959362
"763c9a528d0f99f34e5b0031",640899838.204861
"8b674605311d296990ec72e7",479379580.688236
"d7cc3d199e538258fcc83f75",457173640.989373
"ec6ffe86e9ece6fc03556ea5",553331488.749482
"9762ecd72557ad6728274e1d",665179666.066169
"49a2d111903c77053d44573f",594344865.479075
"d06ab7503c6deaf9cd405f66",752070130.764412
"23e7dd821ec2601ee2c6e353",836775862.173834
"81519727c7ad9f60d2c5f224",760011454.690485
"a4a5b6a844c14b4eca92dc49",836775862.173834
"7e647c5e0a7d95ce87cfc8fd",1045395535.88695
"7a1bca1ed03e7cd0e277fb95",478011905.671899
"03eb8da7205428e61bfb2845",466006383.819195
"82780776619be0eade3d72ef",478011905.671899
"4c03afca943c3f2484b8db6f",478011905.671899
"85d731901b48348f57932240",659544204.972818
"739de8928aab4ec77a1ecb0b",580971668.610034
"7f45d3809b08bb32a45139f8",587135887.155441
"cd14f8aa1613d754221c4735",662238097.529362
"537a9a2dd0ace0d0131722a1",631246370.240409
"2d4a781f969a4fa2a4f04a7a",673394609.293562
"e3676f99542f27c9037fca29",780971622.983874
"bb33aa4f1a7732fc8ef19039",378859858.694738
"9f11661702873852a3d65ed6",390650585.336155
"d7f22a4e6daa572583e02640",478381883.80508
"f6ce37c42fad91fce47758aa",394033327.372708
"f57cab248d2d832725d78135",453658095.982036
"9d73758bf7569cab4837e49c",654619500.683326
"322bad590ae06fb48f80c533",573413780.088725
"5a7b67d4c79ecd83b7ab66e9",684512383.273519
"8dfd846e6df9a040ae1188b7",592373940.524175
"44a587fc89d6b6489157ff49",758263642.950131
"f9ce5b7edb104d4e8407a344",692921959.975294
"73786d11f1fa714aaa9f1f90",752619136.371661
"cc72295ef156cb2d60d6b10f",756430562.066028
"c9851396352bfeb05fbd7580",773785201.218088
"b3561144c745ae3d329dfe1e",692184631.791165
"7ccaf332cf87e07b38b340d9",831885222.503129
"d63fe229354bef8b02b4a934",741431867.843307
"2e0a8235637e98dfea862909",766532051.942516
"0a1b14f320e330b405b27a6b",799477668.064358
"db41266d7b500a6daead96cc",514027856.183124
"364b8b8759e3c408c4005021",473792464.987543
"73bcd7efb7a25587bb1c31ff",707605393.934494
"17060f24d81fe2661c7628c9",674009237.189925
"98318f22c00ab335d8aa23c0",609173003.935063
"c926feb307c493aea729001d",390316905.471447
"58d92e8a26589e37b7123716",595427735.890252
"54d11dce9374378326f7ac62",389885586.454351
"8e79eebcff019c3362a76a26",513011814.938918
"02cb957c3db9ded3691a9004",633260240.712162
"561689dc0f267cc5011ede3a",765797358.938725
"1533da89d388196f19e2c5a3",609091871.682051
"069ddc5d1f3c855e6498ac50",393380778.698222
"d3aee2a35856634eb710efa9",531459389.06364
"4bad966abb5e8c4121ec69fc",689133639.361112
"f059e39d22124eb9e7e8e20c",770704699.597156
"3360f48c1ec30dd1c3175101",466282399.129415
"2218c6bddc994984cdc6e567",462459572.370689
"c2a9b4b389ae6f20140e21eb",570224162.422282
"d135cfa351ed6abe4ec2033b",781891147.014713
"668e5bdda1f4011578534f54",886327363.803742
"d2aa3386ae240d7387424e07",440229222.306291
"e4f2ec7e2f4389c1efa52c0f",414088900.428254
"d4f90a6b73b1e179d3f8eb70",400068232.030729
"5738bc8873b341bf92ece0db",446271247.065878
"2906d21b1d96a1ec43bab50b",474986058.996642
"4e1bfbbd8689a95fc97fabdd",564584494.9843
"78410b0193dc989de2d24da3",511816014.755984
"fd7f194d9929a6f28ea57cf4",528444479.505292
"5e7ac1ffc0886c27471d1a54",574891634.839572
"879d9e3b4ef9063de41ddaed",568917543.951619
"4bf620c6c6d4c916bea70e81",655806011.554608
"573bf87f57db6e037aeb94b1",599023558.714843
"3ff7b739ce65f0b3066806ba",626839243.796513
"a456f85bbae3f189ff424e8f",685993565.80663
"6683685692e955a8ff172c89",795169332.102378
"82e1ae440b386c7da3a580be",840567061.38649
"efd178c4aaf3fc9d05b8dbdb",621220330.823319
"55ea155410b001104518e992",621220330.823319
"32a10e550bf7095627d17da3",621220330.823319
"823124264778e5ed64d8664d",670789312.870513
"fb01d990afd25ef96ed048da",696212968.711093
"df22426db407f4c660681c7f",655488111.308057
"44fab96fa2ea501e0b94548d",867768992.349008
"871204bd1b3505acfa632954",611046873.90786
"3d63320260d150d134fe8648",647528129.24357
"b8b9b90d5721a9ed5e72b328",400972688.164211
"926d12cfe05643554837664c",399186130.744396
"cfba6db03f0e38d1aa0802a7",522707511.791518
"97b12012ece8a740944aa547",500381676.26396
"8de317591cefdbc375a41483",521314777.828773
"46d34fc9a8edcc199a537b30",598434955.286687
"262e3b4091dfa6b71af020ea",631997269.400583
"396761edaa353e0828949bbb",397021492.062792
"8c18d3417886c150136a03ba",595213922.936978
"f053d3918234bad409410755",581247683.920254
"8f5444b81998e52ad76b3ddc",636817528.060888
"0daf89cf494e0f40a94d3e5c",634708619.93501
"dd8c289ec872be3fe3352313",628772505.893666
"f02f6c5b97b8e3cc5d5a74dd",634708619.93501
"5f39cf56c4e1bd43f61ecde4",634474013.745435
"5e187b07578d582ff3d8e189",610943140.244915
"bd018b302f732baecd085ff0",789432489.838746
"674cccf4c7772d6091166aae",945968649.374279
"38e84c560b0455548ce186e4",665832011.51005
"d14173913bf5ed21e3ab50fb",624805566.262137
"cb8844cf2070d8697bcccf27",405332817.503163
"6b44648a905e7f4c0de6c855",577219347.000325
"148aedc984c7f6831c7f9601",633945036.92562
"ff9d1cf7bd90c5e47a0bba3f",576125487.250612
"9353136b0c791bec58f93ad2",382982246.866329
"de2137c70bacfd5087bc5c68",754451380.633816
"12bf6b9badebc2902cc11c62",592040967.834389
"c0706c78d5d98202dc24e46b",868392643.412867
"4394a27b21889bf78927ddf8",485111737.356463
"0ebbe9d3831727f90d677ed0",742752419.246462
"caec584b5b6998684bbc6a70",726744651.884989
"0c302f1c924f8efe0b6bb58e",712421615.742395
"e056ada7a37336bbe878f38b",794500061.060229
"905cea21c0ce1cae97fe86ab",789432489.838746
"e286b12e5aa7929334322842",571131799.430073
"6cd4e68300a8bafb9d22700d",664624610.572199
"39124b1ec419566a371af8d4",730190542.455615
"6110b5bf07cf38c437c7ca8a",797289220.727795
"6f8a22e4dd21f44bc6d383af",621781125.699596
"71eebcb108c4828b8bd5b84a",732770711.80972
"5d61946d53efdd9bd0af140b",815088262.778898
"c0620585c12f3d9f1298696f",446635879.063973
"d27283e3c941f8fc256c3f4f",665610536.932963
"2acc857ede19953734600dcd",392032841.967771
"32474481a0f8af34a4edfec9",591732482.927724
"6720db016112cd2a4a5e0358",626613787.155315
"959d0cba47f650933b9a5168",769389573.22451
"32d2c5f1707b00c93407a19a",435393754.342335
"0ffdec8eb5272d9fe4775251",454086142.599798
"c77d7a08d5b9abd4d3082fb5",435393754.342335
"a3021c7c465dfdd38cda9f9c",676225963.028946
"aa24974831a0c608635bbcea",791892950.776945
"eeca3f5c399785a1cf15b1c6",762485711.087633
"0b51fb3a65a86d7799f27264",506610140.125951
"1af16b7f14dc04f05edf71ea",489660098.65516
"e0d7e4dffa0f3dbc40c7da53",838100912.277469
"cfeb42023e2737491b3e4283",751352721.121783
"dd4e23681e00fa1cb9a679a1",454086142.599798
"153c89081fd85dcc66a02421",741579071.946154
"f25b2ce0d988bf5490fd780a",422658641.679679
"8700c9b62ff5a5c3394b0bd8",527518272.402894
"a53b105919c7b46c0cc1b003",659210911.209709
"1c835128915211131bc561ab",563189650.841657
"a0c6e0c6fe41e32b3bcb2b26",481111238.486181
"4eff2f2297ce85a0a3964d2c",632831455.089481
"57062f248424c47282d3da30",603304305.196429
"99e860bbf3033ee4654d393b",632831455.089481
"db8912c5c5e5e49431b2c85c",639099763.959392
"3151daf55106dd159f27a8b6",622514294.363901
"3e8a4318d93b1fed4c48f48d",753674498.93731
"4c8ca73cb51a58933de61f0b",714010040.852015
"925754da6fea9c9cdc06e18e",756894946.230786
"05119815bd72ced29391ba87",744606938.565041
"aae7cca10bd7f041c8e02d23",625593538.623542
"4890edc33a555cbbac71795c",703461284.974582
"902fbbf9f5037be8759775a7",758316303.500293
"d013a0e910b1fe2e3913af7a",641132940.730127
"9c38b9798313a3091d13b340",864763177.016576
"f04d3ee8b175c8f2f30f4f39",715897323.446419
"f0f883c45e8470e74280e8ca",711448381.463497
"af820361d5f20198bacf839c",829863848.780147
"01636da0aa2bc223af023a13",528936930.150951
"cdef6e87c007bcd9b4efa9fa",834734782.84434
"1d45332e2f04df18cdac590c",603044524.898375
"db3dae76fed5fdbed29862fe",672849563.022782
"f36a379e0149d4800e793001",643804004.395533
"30d2ac3ecb8150e4d4339d1a",767144374.549906
"7f78955c480d050f2c8ae3c9",666006338.193035
"cb1dcee1f4ede0877be1ad15",638842794.523159
"a32d2c51f2bd5f23bb519d12",753808079.313998
"bcac2a4cacf13a91805557c1",615486893.01541
"a21afcc258e50a538dfd43ed",412004377.935565
"7202b83b651382e2630359c3",485111737.356463
"77d6855eb6a30d268e49eb1a",440492248.493533
"204ddf6ba4822d55ba80f713",621575424.91679
"e0587d29cb717f725e991ef3",660638114.677333
"c606665f3a3f70ef61fa5cf0",641935515.39741
"44412a9e16b2824c4a520a72",601112891.031358
"313abf19d78b719cce4b3188",661319869.863245
"99ad7b36c3c916393e951507",571022973.296071
"c34c2aabac06323fa180b24b",592977190.462738
"37f39916813a58b844e17833",632886254.909836
"6ab7f97fb9880e48fab16a1a",582373667.168805
"0e6c74a0056ee94b10bfa86a",639416349.928975
"7fdbc3fed9c9607e6d01e958",578336613.804476
"01018b9796a105be650ec802",636172942.370051
"16ede6f8833a93677d05a131",572138925.780212
"0a53b0b7c365879a6d2cce39",684512383.273519
"a293de027279019418c070b5",563141068.349037
"973ab56a202e039f5ef37353",600077022.147302
"3e18c851788fa8724ca8b7cb",589242034.337809
"0a4b0a004c894654663bdcdb",608482051.315189
"55d4b530b881abfce2d03e56",750588273.903018
"405bc08707001684d19f6edd",755596611.670742
"dffa1057472b06bfc0fa7a66",830992799.015664
"d061615fcc6355d79665f9a6",806739953.752832
"6cd96d73fc58b1502bc6ead8",768265124.227674
"db78a3ce9c6f6a7f4ecc6853",714010040.852015
"1498ce1c1bbe2e89b84a4a45",840567061.38649
"3035d7ea4b71d204b588dccf",751725815.736426
"2b8e9560dd58d880dbe77c61",742752419.246462
"e8948741a987cbb3759b7a44",764037676.596175
"20718780218eac9668776956",691766784.93117
"c0a9e3f5c57cfbb4aa9b2357",739296741.872306
"5e9e9339fe1c3a06470cf7c6",870561896.461581
"f852e0f3fb8563ea6918164f",880735539.852562
"e38b4072ff8b856487864f31",956614764.632201
"8cfa1121fc87d9483ec63611",976134628.820329
"1a805101f78cbb783e6f919d",608680765.558338
"98502628de3c4fd3905000a7",794222308.509399
"ff7ebaf86962fd0ab6ff41f3",692830080.077834
"69442123283ab024a911506e",769389573.22451
"ce6e91b53465250effacca98",811371377.156029
"5d42f42059617a5ca7ff3a32",783611093.314532
"01edceb6c5afc2af1e129e86",393839789.771044
"fdad0c86eb89fe93633c8571",368351286.785982
"831725656d9df81b63c0ae38",646743155.073686
"d1f8eacef9bb4d300d086837",855044099.697617
"3b6d88f864f6c1759f957c73",809392789.906574
"5a38f908d8d75c5810280e12",715520359.604529
"c7c835349181bd3f0d964eca",712422495.611899
"edd4d560363f7575aee42d39",823139482.575935
"8f3924eb214f5194d21499b2",707496285.451818
"466c542d7825d36d18a86486",542803815.245586
"0b71d334a6db66cf6f1a8eb1",724026981.488199
"7a91cfb02df63e4396b15aeb",465785406.875452
"6140125d2a94efe499a6941d",457173640.989373
"080df3efe1fe81f97e74c4c9",399273407.537495
"e148c2b109eecef0175b3c5d",557205675.985844
"40aaf6665b489033ba0e55b5",818125926.789381
"05498e49d0b875ae6aaddd83",711281569.447572
"397d0f6319465fd7fea6f710",834734782.84434
"7e6d8c4742b38854d819696b",830760393.173307
"9a8d13d56d677379ebf9a347",760011454.690485
"06bbc353bf62fda3b3786fd0",710884043.790384
"09fd7896d5445f422892b196",604392706.688402
"57c63e412f3fceedd3a7e698",531459389.06364
"32cb6246cd94f962f780a1fa",421250182.339182
"b0f9bfd521802b0d2586300b",631791233.873956
"2a99204f0a53c4a4d0a2393f",653758248.671651
"7651626df0e2e3119b801466",785319806.825949
"59e48259a076518d929f5db8",403346118.710196
"e7b721ed96269bb195906bae",523113033.457552
"61c3c304eb8a06b5a483efd9",768265124.227674
"3c26b2954be250bfe239db68",578173990.683121
"0df87025a6351b435958ce95",728196372.078502
"df82719238ea0e102c282c09",762508899.625432
"57c74f7b9bc5e33cc823439f",656555541.833251
"4195a9d13c0a526d7cc959f8",820314575.532223
"0d00fdc440d7612434a6b91f",688840324.009973
"0c91369119a06c40623afbb4",493331253.420024
"5a6b30b4d33e068d421bc2a1",512490638.010787
"f4beded3c5ed9fd6cd5177c0",579460214.568512
"95e561c7292d64305a2cf4f9",649000027.0221
"67138978493b84ff42daad45",643881951.663138
"7da10de45c866c7d066d2586",449376728.309447
"3c3cc027fb179e91a46f11f4",568462038.304661
"df3ada98307fc85428022d00",644038778.014515
"e029c89d59f2caf4af4bd908",550359039.133174
"105d05ab3d5334b976e448e5",498202641.903074
"253fe7aef58ea97fefef922a",583140833.350868
"43e11f10650837933261fa7e",626253823.621844
"b111b17ae1fc17e3491b7a5b",786236396.558357
"63e1ff737ea11ec607ecee08",685749368.283127
"ae703276c49b6a6a9c39770f",783591182.871434
"799bc0f95ef9a23fc16bb1d4",837612957.749854
"bb9fe73a8742dec9b2e79135",833762160.849651
"a9b3d963a14c2c7435f30fbf",830992799.015664
"7a48bc2c3f4aad08dc7fd5a8",429648263.498691
"7621f476bc8040270958de6e",505765641.531189
"c49644baf8dc51d3f76d7e7c",801270154.132569
"8c107da7487ed0cd409f4daa",409823373.615852
"1bc8874a13914055c2759a35",459563593.833325
"fcfd6f08490be39064aae41c",401171355.713771
"23178c72b063ecbaaa04b37a",618125639.432783
"10bf1c2d1124f6d8f8b9497b",500046050.624831
"c29b30cc5db2ffc273e4cb14",491975592.455626
"f7d11c2601959921f536f804",652796042.778406
"acbb07a2c7a0e39c0102b3a1",626623282.537548
"844e127aa7802cdf75db074c",680238978.541052
"e2d88f49873bbcc5476f4ff5",660303253.876895
"42aa1e6f6b8220a63fe165b2",626925813.377766
"ab1c43d6fc4f08e315e322d7",752897754.098094
"9299c976b1afe4d2c0bf351e",766112625.019513
"cd62ad28163c8df131a8f2fb",513701014.315348
"e5e06913ec3c851340d7c91a",528156301.254784
"d9b46a34e48e04b5a3e026cc",471019302.91585
"782a6028457ec55d4fd5189e",571022973.296071
"11a905e4e01e7d15d35cbb82",587135887.155441
"3b3e423e248b23090a2897ee",706434670.229642
"5915093d458d4b6589e86f59",738324965.746758
"3d162a854aa05447e2cae0c0",693301898.595315
"662a3e343a7e207ecc09d6b7",714010040.852015
"289db1292d4ee40a1ed6e518",707496285.451818
"d43d2bda7b6e4d5177c0d032",620155358.302086
"b57ebf09cc691bcf009ef115",760011454.690485
"21f5bac85d5eec57acf501ef",795832286.6443
"2fa288389b3031d595973793",751554972.064523
"c900d19cade1443983274ac4",823068986.380622
"67bd5b20df7f2a9cf4e04358",590575684.895397
"e111bda6d24089dac82907ad",396357129.181007
"7910ac9782a1a315f68799c4",530345783.84063
"ee786b818284cb382c755e9d",712694002.291731
"f9b0a27bd3619ae88ffe5455",691777649.843018
"ad1c32cf75ffbcfc842e3959",384088620.618684
"5648633b1f92de1ddaa7e7ab",593454528.212367
"1ba481abe0d3890c42884d97",590575684.895397
"ce60e2ce2a420052e67564d2",409823373.615852
"87e1b1170c163689d60bcd09",659146648.599585
"bb4c7900162be66534d17541",836683956.532357
"68340674853f0ea101e32b46",686897246.12097
"d10f89691119d4a4a2c1e650",807436269.673255
"d414907e75a1c105ad2b74d1",402959777.349485
"c9b6d3bce20b7f528fff8123",446171902.263275
"be1695a7b8d3dc68c9887abc",513031193.681852
"debd60afab03fd1552719270",476027157.283799
"de060e07dfb0a5494c5550a3",551363622.954857
"3d6815fb68ce959cb95e225e",519213875.112382
"d93f6d8fe212ee3c0f7cca95",501231883.979024
"1ac702e7c265717b34419fe7",517796683.790018
"a157596804522e03efabce48",475096904.525429
"069c529aaef7d7e0774c4a66",493481083.677309
"0669fb98aed75d79f8decb7f",505375588.855618
"7057326ac489bcc17d580883",526377564.559315
"e3d6fe5d97bf4fe851aee9d3",514963107.993682
"f80b20e0649dcf1c16003255",493362987.645838
"364256d0881131148655e006",635073735.432616
"0f9c26956bfe983c8c7fc227",792708243.172652
"9756b47e9dd47f99dbb23115",679304612.161164
"27d413eab7b562b984c5a682",619555141.287334
"ad17072ff24e0fc0e61963b4",641361968.327403
"473a59415b6214218a15e363",658484320.73166
"ef72df5586ad0cbe59e36e07",616357096.518213
"9129b78a741bf5e24df5379d",655208445.862524
"964734d3430de94d22c927cc",582348818.910772
"530b25326f39c347a35a8caa",558366507.069761
"482f57e65a3f4c6792775a05",499847450.063649
"738e86beb569a7bf51fbe199",474276749.54697
"c5788cd5507c577b7b585ffa",501480418.016568
"be164f9025f346390b986668",481350999.865894
"ea2efa1a857332559120b823",573996034.88813
"f3dd24a17ea51b7a2b0f037e",653299839.436835
"7aa8d04246d3e84e5ac470bc",639806880.967789
"6361330195fa7cdc6d5c603b",647520426.296794
"6820ee22d6fafc9c030cb286",810476459.298057
"472601b5b5719855ae3528af",868299833.778574
"3ce2c7f1ee7569e1b916cddc",443464039.711884
"afb03f7cea99023ecea7610a",609959327.994443
"404364fe956884368e2f8300",885291035.300262
"c658639b590415bc6ea44119",655248781.395393
"42f1a529f5ff3a6371dccea5",701475623.408989
"e2e4641b20d81a90033a536a",461836215.349492
"253b34c2c5ce15cbd8b5826d",741431867.843307
"86ff8f274b698e7757ced1af",584038932.370212
"c4aef1d92cf264c548ef1f2f",621575424.91679
"e8603da6012c2116a70176b7",627690231.569346
"52b52aced4853a3e3d7fa058",577424608.610052
"7d9a9c3b4442efdb53c24448",534440181.990968
"a7bacd6f783756c9e7cdc068",472468772.717127
"68a00651ead62911f850cacd",454086142.599798
"1e7e26077db3bca2821a9b45",456198135.317522
"8aa21f48a83be25f924f85c7",539221144.248566
"48107a1dd2a3b027637f250a",561337233.699687
"6bbb24fd1b9df3df4e939fc3",595363703.505576
"aa45f8fda8801c3b4923f4b6",654186429.039405
"ce164af02f76ab3a68b0f980",639495467.939827
"c32249c7c0819b1a29fd611b",662107972.576881
"f8d4ec209ad5fa5ba4a68e56",668645808.523693
"cc03087e0f18d59c521b6ce2",656340869.529027
"fa631a714774fc22ca15ec10",795448870.885025
"c310efec13e312442f7e1a01",762182867.041917
"534466a857d28dcc598e3a49",851152054.081336
"4a81bdc14b5bcc4c84f5ce4b",476504100.647964
"79ac12d8436c07b620190b9c",459030750.097291
"f69962045e9aea6b8200888c",584038932.370212
"9752758072e096fce6f7f4cf",570658862.8932
"56fc1855dc6375dee0506133",665324323.924013
"2fc19f73fb877ed8b88a5250",545928869.038289
"63a25d279fc5a9e8fc1dfae3",371661050.396846
"71978c139faf2a251db6ff5e",377925849.755038
"f4dc67569fd340be3dc592d5",485517290.051432
"0b829c23806ff01a0c84e9a9",482607546.504671
"a23ff4d1b2e24f537a75242e",473026675.586366
"3a103803cf9cf0451582d89f",615091203.761103
"eff8b3fe996b6d7db10b0263",661319869.863245
"9d53330b44c300e396cdb402",636817528.060888
"301b5da33d32c0632b16e8a8",655409064.309291
"357e653c4bea02df1b08c62a",770704699.597156
"9af17837ac2bbe7c8ba16e0f",374559402.679723
"246576e24f66d495fe0d509b",511194684.83572
"cb70f4993947b640317a07b9",505439469.309437
"949292b23ece12b655122038",392630818.010734
"4bdff22689954e5b1e575d30",670789312.870513
"7c69d43fe2488db51e6c8da3",578336613.804476
"6f543782174a964402b64de4",773468226.195272
"a59e7f0e0596ea6633781335",753878575.509312
"767ae7de1818d645a33749e2",865553558.693857
"e667133c29f90c8fbf30ede7",457173640.989373
"3fcacd1cf9770a2724a5fb01",646117916.93482
"601193433c99337fe806b158",655721067.922734
"42c282041583e6e2090b50f2",840567061.38649
"3bc80c56871193dd782696d3",718496369.061125
"bee9de3e2817bdd591c02897",511544339.297265
"0f761aab549e7f6bc025ab0f",649000027.0221
"3b9971f91bbe4b8dcc704ba0",658484320.73166
"8f428b58a5189effe993ca4b",602264866.452089
"0af466463f2cf50d61315da4",560297168.388871
"1a486877c62f2aced41a2ca0",753926627.454932
"c9fdc3f80534b32f1a75f530",670789312.870513
"97419310c7e696dc8ca61f7e",868423254.78175
"49d9cb2bcc98d69222b03165",970311265.275146
"99fa9611d644cf325e20e603",665324323.924013
"976d317efade1dd77ef3687c",477881780.719418
"b9bd63208716e4e0f2dedceb",476411922.81987
"834263730047f308d71d4d8c",687647213.886886
"d6bf8bfc752bf4580e99794f",536120701.481067
"58bc2b0acdb0702732894fa9",608737056.110093
"c3b8b774037044a2524913a6",558567199.221283
"eb339d562b72b3bf51073cc1",562013652.719515
"c8244d916b0110b1acbd38ac",715882567.221331
"65bb6acd9be0f8d95fbc722f",712133856.940477
"5644b84ee2edcf7267b2189c",767152707.180473
"22eb737351bd0958d3e60efe",682857353.103232
"0e2a5d040f6361adb9927388",672931409.441283
"be9f5ade682aa1fced79b068",799875900.473944
"8445e5cf42307960535a3b11",689471928.876783
"1b002164d34a71bd06e0445b",688296454.578835
"c80f897787541816ad63bc17",1085585547.87606
"673c72783eb4f9a02c511b83",841195972.172438
"3b29177e99201cf4eaae612a",846967720.124833
"91c5967cc1acb3f108d6e0f1",429050550.644001
"334b5b9fc68a18387ae59ebf",403207865.650503
"c9d096d4353b8eb843e793d1",670789312.870513
"92cade7b5347d1c00a48a1fc",811371377.156029
"1d4bbb5b756033b4be28643a",772994543.19986
"e1eb183eb261b6de96e20a56",684166451.555404
"7ea8da3b1481993b14bed9d4",610943140.244915
"78bb43910ad6ed105610d9dd",550359039.133174
"32c1f617f2b1f537ef703712",758917938.400867
"a7e6d3c76bb5507e00ccb501",559020830.642001
"6c75d7867807d942c975079f",672842181.811981
"e9182661e36239f091259232",611959296.771712
"c926ee21c2bd9da7da193514",486135417.081042
"27bcae7ffb9f79b8f59fe1c3",565609029.712446
"6cda1a7622d5577c0056ba40",740191284.867056
"67c945ee31cf1fa0a874e4a6",591469385.438803
"5a8638c17d14ec4f6d447b8c",419655621.609649
"82bef17c2a4db1f6dc6eaf01",521109557.664994
"09dcdf0b8b37c1d537b9fcf8",655815724.908131
"2cc9f2411f98d0fd41511211",551624561.375121
"aa1eaa63043c5c29ab6a1323",615899889.512176
"35b03ab66c19ba2049ddb9a4",677848838.428608
"90470cdcdd2b813b39f28ab3",709070522.552132
"ba187eee3858263fa664812a",739549230.365445
"c06a1d212fed896b6ee4e1c5",614243338.658425
"8a8c8f5aa68c4e530d62776d",804386563.462936
"662a221bbbd961c285069c49",763527200.102217
"ee796b35e39c7beb6aee2b49",629832218.088277
"53de17a986d62a44d7897200",646563060.297451
"68925fb9f8f0c84fa0ffa9fb",781037741.72892
"6a6d4f8251ff961609019ddf",390315682.687309
"3477646f548971044f8f0494",518891051.910567
"c82434222f4129168fa82e5b",584125858.825767
"4c00508300f40d74c79f2596",707006252.625229
"27bebaf73dff207d7f6829e2",511877534.618651
"d0ba7b90f6ba3392a165b46a",803846138.057261
"61974f593c799e5d5090c067",433022934.199235
"c08b016afc6a07105d7703a2",726787989.820634
"011c2017b63235bf0ed3f241",469073647.579373
"7f73a8e83d41ea252ad61197",443434564.726876
"0c25a552c34e114a1780739a",528360524.886261
"21e96ca8dbe2f12b55723335",548520892.796269
"30f6404e8034dbd513aa8a30",582140643.141268
"f2fce80439462bb9231d7fba",590039244.782297
"40d5384e2e8f8fef2032928a",599384901.457069
"95f17e64d2222c904a7d42cc",588610442.149225
"59374f70d5e7da97e3b8b35f",858693396.90537
"ba30cf03fbfb0e36e5d415bf",802007991.720356
"c2424b4861f2ef50f8876c0c",806281873.871188
"e7def7d0999433ad6d3ea412",834734782.84434
"7f1a4e79fa92196101baa7eb",727705057.147179
"37e0fe114a3c7406daa57443",624070930.701061
"897c0578bdc8d59843bcbe38",507980960.935329
"7e554b821e6955ab259a25f3",392032841.967771
"23b0d67dc2a0ae6e5ebc9eee",446635879.063973
"d43f045d046fbc8f5ecf465e",454235881.973726
"498d632cf0868a8e641cecb2",371661050.396846
"6b9bba3c6afa1f999a9429bd",425836669.550333
"12db154d9d29cafa574ad387",475672897.384844
"61779f1bec05260cf10a0d2b",454235881.973726
"986defbe9082519824ebc882",637431657.157351
"f72992cff50931d2e19b3ccd",561601163.854812
"0e2d6e5882fd3b4eeb9ef286",650840335.131236
"9702737c9e4ecb12d0f9ea5c",482607546.504671
"c36cf907ee28017eb1b40674",539763362.375619
"a7ad9c8b5bae531abf68f8d0",561601163.854812
"6f3dd53b0935c9593a301bdc",678285176.508866
"11f8f836e5626605ee4b41c6",642389867.26509
"16fe92ffdb7e1aeefcde80f4",689002735.883508
"c1eace64bd2c9f6bea289c4b",815088262.778898
"fc2ac43013ba8ab17da28041",614009813.735367
"5e6b54654c98c2517c2e31d7",598875517.751436
"f0e8b39d2e4644dade9d8954",793930878.442538
"22796587bee45b8f64ee6e44",748314069.934876
"dc8c76f5b3977f90839918b0",676566448.645651
"27663c0e271e26dfdbf4d289",630613182.124913
"2fc96ec5fb2c8dec0a5b09ab",598875517.751436
"49d42ab711abd95fb5947c0d",655409064.309291
"b8984fe54819f5fcc43860fd",728316813.334318
"8d3f4ec0c37443eb3f953584",695348746.546306
"001dbdd202e9908ee42713a8",629558075.455495
"fc5f41aad1b4bdcbd8298037",638913290.718473
"34926bd7f9880e277e75a447",900343232.818682
"00eb120ba4410ed8efa24a8e",601516080.317927
"eb0c6a8231b38b2a1e1f789a",503802822.818252
"0f059b39ca45bbbcb996fa45",695073006.064692
"06a5364639452a9d663a2dbc",500850315.408253
"cd19dcd4aff76caaa1cffe54",573238036.759562
"7272c3521b7083038ff0a690",762508899.625432
"a480b654e1b8b7134091e613",824106065.115118
"ba24834c9fb0e87c4ea7d1a0",674509431.53877
"ac46e3eb688cb1cb17da2545",837526031.294298
"3053732169b2260529f90133",429004895.4302
"ab0c047373b5d1810fe42bd9",565447712.868387
"698383c101fb784f8e1b1ee6",458785387.836745
"1b09c89b546d0058cb09c1a9",619619946.199798
"64edef308b6a9805f0846cbc",652549670.316371
"995a5799d9a1a7e4dfe4fe34",828228955.522912
"d4f1fcd4c20dec55e977720a",741808104.200329
"21264b5a73fd27b85a4e2654",820695627.421914
"d464858ed94a1a74948f479a",684939581.651262
"dc420bf2dd1759b7f281cfa6",863949779.285191
"0a268e25a5f3a0bfd8898a40",387892554.336362
"a3460f00d48816ef66e3acc3",449376728.309447
"9559637fc2bdf96defd2438d",787136245.567522
"421db6a58670e53f563eb9ad",519475555.432592
"7b6322fd5810990820167a23",488849490.491271
"17fbebdfe6bc0618ecdd247c",641935515.39741
"00f2621035b1969d53f03fca",735910540.756054
"e97c998a6a0709605432ccb1",455259903.985514
"39e306be57a992bcc75e089a",710179207.727817
"55d0225b44a81e82eea3efcf",638709214.146471
"c7c5ee499c712082931032a4",654671305.601611
"f15f48d4cf4f85a3cd68dfa3",401635221.454994
"01db5867a69f8ea7849d69e8",670445679.525554
"7c29fc3861c9f074e3a89449",635934919.536194
"5ae2fec22f535ec2490174c5",377925849.755038
"a6731fb85da65ce14468341e",499847450.063649
"4e327acca2e033c3fb305c5d",583178242.18968
"37b8e8a194e4f2fed7ddcd96",465589306.308728
"a8dc954142c54e570bccdca5",594344865.479075
"b427d767b071c3e5ac2a078c",553095724.139635
"a9407f510e67bdb27ad59b46",617002502.197915
"ba7120c89c8de0e57e30646d",703205943.992244
"4f5bc448658287ffb3d49b75",767423049.465733
"758d9f47824eb74d1b486024",762090987.144457
"84fb7e582456d7409f27cd2a",754261053.025627
"0a6ade3bea1768aab76680ed",690778630.812856
"f6e74a4b1e026352e5759b2e",712421615.742395
"639b98d0798b5670e7bb2569",817385986.857661
"32ecec7d5c47d02969368779",468719534.955863
"cac82fdc4d960947bbc590c8",453253057.40996
"c2b880a6bc90cdef9dac52ca",564311244.734774
"dd8eff6162c32ecbc6972509",555182789.955383
"6e2f79cf68ac0ba2b1a6b0c4",746891765.947244
"a904fab9fa4f41a11f673fd9",783270947.918638
"bf11c5dfcb321e020601e9ba",763328706.379429
"488cdcddd0938ad0205ab8f0",698160983.91996
"b92929668e884453d3a0d633",394849166.350106
"09eeb116cb0944a28742d282",466196510.916233
"c16e9d9444f85bdfade710a0",519579447.860185
"c15cecbbe717e72f09a84271",507783290.451762
"0bbd23df46a4ea4e4734b680",587559972.786983
"de28e62bd01870dfceb5d78b",535252436.165171
"92c4faf0ba1fbac44db6d1c8",661409844.743329
"91892eac5e9565b12b2a99f7",701426584.338129
"ba72421716765ef6aad9b4cd",741236657.473151
"a99df3a2cd4f2346c6e903dc",377925849.755038
"59a3b1a44c35ed4936cf7843",513701014.315348
"cd74b689350ef612ddf1b96a",444368413.82676
"5664cfe452394ff9376bcc8b",454873572.101929
"d4c6dda51fa949743a46e835",706434670.229642
"b7f47484bbd8113c62cc8c1f",715520359.604529
"d4dfddb6564c9f46b26e7aab",814200421.865987
"aab240140aa4b6602234d88e",667805034.641612
"29671ce02e285f69afeb3fc2",691982955.357691
"5cd742ea274b4a8832114080",653299839.436835
"c876ed979c9127674000b740",749439298.536274
"45269f56121b796d0392e2da",864970643.141945
"e981d4fb3a33f372ac26901d",679604112.656134
"2f13a428281ffc425f2c2e38",489168417.436099
"407e4196114b64578beac143",613645572.873251
"342027b17940a0cc5cdbf8d9",725431197.518788
"dad2bbb0fe138e426000a33e",646117916.93482
"e77da26aa7ecdab5505fab60",589183243.013932
"8fddeb4ca696706f6cbe573b",676950747.964624
"fe368a7d2e09fe88b1b972e4",602521891.125324
"6fcea2c6b9e39576e10581ea",530345783.84063
"91d35b9421c4982b54dd520a",632264490.561628
"eecc82010ce9803ebea6dc75",411925499.752987
"b957548768ef014088a61b5a",390744489.475443
"5790e4cf8102dba35e184ca1",589364424.990547
"cbab68c32d78424452249d9d",728936921.157067
"4e0b293ec3d5eda7d9fcf8b6",520606191.99423
"1f8742e662666147955c9872",503656319.53781
"aad38b9f22ccf36b0fba4e7c",511809656.840862
"44e9224b9735235fc7271672",457004932.417432
"b61e9e4f3a2e894932b58ed6",744030262.214246
"2b36d2ed79caaccd687f2ab0",389704162.035297
"7bdd64032a4f011bd4fe7df6",383581828.215273
"0890a0d20f33b9af2bfe488b",375061223.072312
"ea7c9e327eab66ca286f6726",600795774.503073
"98510008e150296ca9d27d0f",668817459.559496
"41abd8a2cbca609cf868f227",644002763.665449
"83196bef0e5dc6c981bc57a9",625294704.302735
"20289e986c1959f0c83a6a4b",762485711.087633
"fb39ca089d05381b3a7ba847",504735127.821507
"d2da963bf6c2f6fe724be23c",769987108.198208
"670f7dfbe2eba87e55176257",761651049.01899
"469b33a6f153ec334b6123d7",697105927.932107
"c38ce4f3763795c61efee6f3",606126627.273682
"8553a05c2b30be81c64a6295",765748812.717587
"d8b3a1d0cffc913ebd05b931",765748812.717587
"f0fb8232343d235741a20586",765748812.717587
"887d749eeaaae288b2818b86",669726988.493383
"126f4d890004b8035a7de091",695484585.749236
"7d157359b413e107f5f9cfd6",654379309.637912
"65010e340fa495d060e32f7d",516321910.871808
"8164023f628f550f322aad61",515982105.324096
"8c2423c14aefa13d255fa77b",551373348.061357
"e9772a54bc6638c723dcebdc",623660082.608521
"171149ef76fe0a2074c5bf69",643975708.460945
"96448fa0eb077563a2d168ca",792082611.194178
"3bf1bea2a835d7fd11e47ce8",389769843.030668
"2f4b0b1b81c792f43f4ccd5c",389769843.030668
"086540702ba0876c0c05c5d5",624718440.350996
"57d17db2cc5ce1aa889f1f50",608482051.315189
"3b6cedd9966332f0722208cf",635622989.112179
"351a3e1b62cd51d46913a8eb",736626625.424238
"33b702ced6de5f7ab8b29e7a",578259519.230171
"e0e6852c6d6393d6d3719131",764501253.783027
"bf5e687721e030639ec81416",591404964.563755
"314479aa7b73ef6ef44e1c89",612540054.96757
"822896f609e7761b58e7f6e7",587135887.155441
"5b6f21752f3744ec6e529d74",631246370.240409
"5d91dd63b6aef851e0c78389",580971668.610034
"0a369278a1ef6f5e9d79e2e3",586503741.663294
"7523e95fc2afaf31bcf30979",762562805.661938
"cb9de5719b978a78c71db699",673394609.293562
"af8c90983a23ee15c72b8e22",894780994.620067
"e35d8f589e6b1909f5e4132b",745363378.911576
"ecaa5e38ff6cddc14942eb7a",1111859387.30022
"d2eeec3fb1ee4d686758534e",840567061.38649
"e97d03ef9638c8e1d270ed2a",391559070.975559
"cbd78f55af1db4d89b53b496",384736700.054687
"1b2fa2ee5927660313569617",869165773.508724
"f7f00e13da4910d724aba4f6",592040967.834389
"9a6b77dc2c414f0baa11effc",462589317.065275
"bd4d0b8799fa5999c5d2ee3c",820399134.227513
"bd6b68abb113370c35786557",1096604890.61094
"4da8ef54252a92d9cc62c174",610601925.141946
"38d6c2a9beac610279bc110f",730152466.200847
"32e6518755191bef743b28f6",965337376.361713
"4fd8d01a5c3abb90ad70cbe6",338767700.447081
"5d9f8f380a6434096a0cd906",498625896.317531
"724c854b1a991f060701d005",512772377.311143
"1bd78ecec17b584e827dd0f9",416001209.354524
"7e6f68184d84e09cc9ebc09f",416205359.119955
"c0174ef555bfdd648acf4346",586478507.739694
"6463505a740324c7aa869d79",655739414.806317
"f239b7fe0de40d208c01c45d",542045575.25341
"bd98add659faedc1820f96a0",558366507.069761
"ad662354d28a9b2d65f537f7",695855514.811842
"8e8852450fd5556f748c98cf",529590434.06388
"8fd5b95f5808b4676043de35",575218915.518976
"73a23c9d154fec88d396d2a8",627873761.518437
"374ca1a16b8eba42b35374ac",583348902.547557
"ff058f978e97c389e7a31f6b",574839438.799368
"9d7f2c004fd359136a662c9c",607237735.114529
"2cc0129b386acf9cdfa4eeb3",528054674.521262
"c139bf6b72a93a73155e1f5b",518873315.500815
"0c017cf9740cb67d530267d0",548121286.688613
"44ff213b9cfb3604b7e4b66f",513869265.91158
"a09c957598e6cde56cdba03c",575323508.428044
"c846d5698bb295697186555d",599408082.902516
"a84cafc064a35cc0ad698009",617435633.770985
"ecda0d714f52da919223a520",741059681.311577
"b9398d6bec5cc44fa39b8bdc",801018994.398364
"79d230806fbfe96368b83dbf",687071132.526209
"a28b1d82d3f7dbf8746d5742",806826490.547538
"a6555836840c7dd496ba9094",603645761.929786
"83ce7c2d2823f888f2e06ea8",749201201.620182
"631f4c509de8dd64f1c400db",668036632.403339
"2afd31619c21dc537e4797ca",697950411.86649
"0be57099d9c3ad8a16984861",759549700.285506
"ff29f12bbd7ac4b860909966",685843892.550409
"d955edf16ddb9d3f59501a9f",589636424.505224
"96298da2f44ca873f345867b",665095529.788015
"e6396355c1249c6290906b78",676458528.767732
"39f9f736d802b166ed688224",785362019.149011
"38a0fcb41f0dbe8b0ef7af8f",688900280.204726
"79b955adf84fb2c52381921a",624243381.830083
"e335b8464a61ea0781f7928d",740870566.128655
"71a929d79a6cccbce6ac5d79",757857404.133555
"41454361857cf70c44e1f5ac",632234054.882921
"a16ca6293e2ee2969f3334c5",766253560.314233
"4083248d3d2f2bbf9589b971",872856922.485998
"de630da5e1c9e27bfd94efcb",943416140.553302
"f2a4f5010f3da37e27505ece",572159985.659226
"53647abd1d1b10c9226eac73",444368413.82676
"e51873d6421addab3b539dd4",470053870.109512
"be8fbefb8e06fe169237d4bd",396530116.446577
"257c889187ad5de900a430c9",595600217.262292
"3198c4acc62c1a2276bf15de",639486095.842976
"b22350d505b87dffaae3a5e2",716478489.317702
"49ad389014995f0187edf726",539605232.495697
"025d96090a8e5bd6f786e9b6",470640928.488595
"4a7156189e1f06b0fe87a7fc",364336384.481117
"e91425bd357561183b935d27",366732750.515816
"c9d996f458794961d9957c1d",371068658.018746
"084de965e32a2a65bd3aff5f",371068658.018746
"880bd21afee7038459b5847e",613419890.376859
"2dba091723891d8907905a74",620193428.327463
"a39f9fd2f143b8ce1f7e1277",382214126.762849
"37050aba3553f3869d59f809",842760042.796322
"35a39cf33d16f8f5ff75fd6c",451307984.653389
"7c463a59e7d2f2b4bbd07e12",378320267.298035
"035d955df5a765531d1d0d07",483910232.960597
"be706475abdfd64aabfe45fb",364906157.998382
"bf41b26c090dbf0a19252e43",622685852.895033
"21aa860fd839233ed8b82653",605663039.588057
"b870c8bd8f95426a7e1f9c88",362628026.164971
"c5a5676bdb1698f8c38cdcd5",594504269.077549
"3487768de3a13b7ee3df0254",761742457.516816
"dda7a886135a1fd8106d04b8",714655640.326611
"ee102e9d0791ee82ee4da2e8",505838668.088875
"1d4891dc27e0050efcc6c403",514370723.111532
"dc1fa8fcd0ffb8872d434dbf",669336181.855571
"2a5f727304ad67d1cd269361",587563219.949597
"2b10af4fcbef695b327b7d0b",813605490.621054
"516881e914708f6ea6062ad1",633992124.64175
"5a428139d5ce6bbd9505945c",617320638.72533
"38dbf1b9c5963e9c3d008340",788767939.23463
"02c6e8c7f36a2c68851600c6",642375306.572486
"d2684e676cae87d75dea5ea0",503853492.439239
"027947dd01dc991ffefc5082",445933145.471177
"0af13e27cfe9b8f237a9949c",620803952.879714
"32421841f7eeda76160d7959",411813381.524892
"96ad0e75433cc18f20ed83f5",633792719.712855
"b387b5eebf501a620f352504",609118559.654718
"8ed95f9bf057114664ea441c",387555841.61642
"114318a8e5822ece53ad897c",460270058.338709
"3bdd7be0b5e18d266189d991",513029256.444261
"0d2c4bbd8a4dbeb6337b5c14",602749947.530068
"a98637742a212e332cb5d1f0",592033654.085309
"acbec9114912932b9cbaf0a3",371153739.339198
"fd81506b0a00fab1ff680b64",456198135.317522
"49e531941384af389b0aff59",505737309.993583
"8f221efe392ba42b519e5f57",656340869.529027
"1f33395df1e4f6a185c507cb",618728083.758757
"fa823373d2e7fc9443ebb6ff",612397987.449185
"0a6966f19bc2c303886ca82c",561337233.699687
"15d9a0353ad54798ef95e0d3",691901772.967592
"0d95d756b838d3a319277424",738909437.920078
"d644b23e4bce0e6e50ab9356",686808517.33402
"6dbc77ad8c5c1e39f72cd2f6",686902712.091085
"2fb5206d246ee7ab22fb8143",654186429.039405
"f1582fc47e7b8c0eb0cc9949",640857436.496818
"8d7dd9de4e919fec5916862e",535597032.367194
"0b67da6d74bb3998c80893f4",492701474.128643
"736d25efc9e570379d32c089",784083514.738083
"4615a8a7af9d7cefc7fe4c4a",767514955.10721
"8b753628bd37b9759dad06ea",496640809.995998
"5c7c83526b72ced12a08e573",482423441.831968
"9baa578a930a94f761119fdb",506610140.125951
"8fe1a07cbe9b8f3498cf74b0",383218960.56853
"67a7cfe6e95aa5200c064717",641231124.274894
"b7e3b0c90c0d3bfe5befec54",647520426.296794
"e6a547b2c0d126c9b6800515",630497438.923341
"b08f88ef973c9d1c3a86695d",558429324.502723
"5933c18b8cb17cc6e4ae91cf",776757192.518441
"64a24372d58a2cf535c3aac0",768748517.643477
"e6f9288cdadc5851d29fabff",885203710.405365
"71ba2f992908a5f91f832406",691742259.796995
"3af4b54bb5ee5fcff80f1e53",474276749.54697
"40d3f1f00de86e74e0304bd1",713102819.281384
"3b758c26283c2f11251bfb89",938607826.577276
"70cb6337c8c3f5225fa80026",753695414.873328
"0dd510aaba8036e8fd9d667a",830344108.792282
"ef6ac2a5102d7be910a3e4c8",564722739.968727
"24c32572ca6161a603a7d0d0",380770958.996359
"c7be09a810b9e54d2dfba4b2",583178242.18968
"01a5a230e8a808d844e64397",696951138.63597
"5ade8e9c79288d511ce1fd79",658984011.913809
"7cf50019422bc9569a985736",733498454.665185
"d4716e228067a7bb0f30aa30",634474013.745435
"cb79e02041eddcfa9225346a",762485711.087633
"b059afb753452ba358fb432e",758917938.400867
"fd9f78fb2d2f4d01e462bcea",654688112.920824
"6337f924f515625e7fa638a4",684838101.987988
"3adcc2c662c8c7c9db5f0982",701042910.437761
"6b7aff233052b9bcb6b9448a",801913099.136134
"cc51811e23409f4d77995768",594626830.058478
"e3cd7b6dc0495d5109086407",615018932.820904
"e63f468e1d9f86530d47ba4c",497102468.302249
"8bad8a7faae115ac9007b13a",649269551.031465
"d563312854016e9115d034aa",769292671.576871
"57c7684f8cd8d78909711b53",580304908.749836
"76b8190137ba3daa55db33a6",594626830.058478
"2bcc6a15181273b2fad05e3b",693167473.817486
"b998aeafe2cc93bbd96dd9fd",485792442.341982
"eb77734d12df7528af57c674",485792442.341982
"e8df85384a1f51c31015ba08",588929227.100377
"b0a03d567e287bf4cbd7bec3",369784809.129479
"dc8bc7cb687a3a42b7e7d5fb",722718646.714007
"147de03212e554abbf3fc3b7",473963942.309538
"c09b8c236316b87a92a620b2",786581279.406907
"f5006b435fc92111d55c0603",520384234.924765
"ed70b749e030cc8715c0eba5",381990650.252718
"2a9bbd878f3f45745d76f059",774051032.411929
"503f33d11f75b6b5102ba4ad",477881780.719418
"41479709513815cf5fc1eac9",719542242.992695
"0181972aeb6bf451012a47c6",761460074.40327
"0b35c4a3f20cc0eb751acbac",416678827.939765
"e5de98822287c2caf8b209da",642098192.960244
"f3d82ce1c6fac06e4997f7ba",405348682.55264
"8e17d7d78e7acffdcb04d982",572138925.780212
"f1e7a0c7804083963b5b6de6",610943140.244915
"918dbe66979d16b147bd3322",633775411.234712
"35dedbaace193598c9c438a7",598199422.398091
"e67fa931031bed13c711ad00",565447712.868387
"eb2bbf82cb615e3227305b55",596639976.032696
"e8d83f7dcb876d5d05ae3e98",525085673.046179
"2be93bf5132bb788bf045c28",446041669.24836
"ac2b1b560e8bc4fa1deb6f87",670140731.594904
"674ea6932fa9e6b7581479dc",724988401.850341
"4893b21db2d6aa4417e1cd1d",639806880.967789
"2dbef742d0c59d21ad7392e3",850127074.956782
"fc16776abc877decb82a5954",737477393.678761
"6f84d405f419590075610c5e",430260339.191232
"52cec2691ff635031fce9507",422742748.231165
"830b1a2d33f7754b9acfdd82",393433993.306351
"fa908c8dd43fcbe9f721c0d5",626020012.653119
"90c3b93badfe7231410e95bf",624272537.601789
"60a495b86d6eff1e345ecb06",714272739.35646
"0468cf58f40372acb9d5fefa",638661985.795845
"c523380518164e1e317cf1b8",719625211.168996
"142cf530f13cbccc3cc9d0a6",751436668.125652
"e0432ecc0c1fb2b00b5435af",538387287.955578
"3af3a702988bfa0599727982",590753580.507702
"99fad8a7877c57c0af05b318",738324965.746758
"b57250de388b7172a39dae8f",623454745.604819
"42fa0158217c9cb820f2a06b",646766607.158201
"8fd452d3f5f1dbb3b65f5274",662014391.670728
"27881ecd655786b093349ab0",679164604.10409
"38029a1aa22c0a5beb065edb",669963270.700239
"6750be41e08a725705256b0c",754772165.758628
"90bf218565cd67ed83240033",767448656.859185
"c6a089a9bb326c22e3f3aaa7",699698258.363496
"ede08c77d6090e0900654eff",801198811.565788
"2f7784465c1c69c8f786a0a9",884601875.183289
"5943151d9a76010179f6c297",368932017.789374
"82a3742862a06803242b703d",525085673.046179
"b815204eed4398e600b366ad",658444150.080555
"11c4dba68fb47eb9c49df169",595170077.601246
"4ae7dd50c6b743bd47340f20",611228301.786829
"d81a040e22d541a74122f3c3",456612828.710276
"34c84d0a410920c303ba69f8",454616602.665696
"6b0828221f9cdf5cf39e7c15",489960587.430426
"c50d5b4e75f165eeeb2eba97",576657942.532375
"572488a9a75f64434dca5dc5",557802866.199671
"0e67ae9abf1e2b2f66a91a28",664647876.565911
"cb00154afcad81df60ee58f6",485034616.216811
"75801c34fb510d824a7d8366",523586158.443634
"98f2d7810641693c44096ada",550359039.133174
"1fb4c88bbf995f77f2f29b7e",653783232.852638
"0abc98f7ea1e477c6fe3425c",646815508.922737
"b3401023d3097815687d1160",650732123.279331
"f1ef14babbc4123c5157eb9e",714010040.852015
"ecf47573fe1ff641f6914d0a",730216760.997735
"0ddd21dcfe89f72e2246ed79",506980752.270932
"402f18888d480f5af146daab",429990652.876505
"61b3bd442f6fc8838e2f45af",434769849.505039
"c4eccc400db2dc9627c9879f",493599604.781046
"ab38b4fae64ab90a55b5a403",753142113.414766
"7f4cdc01f9086bcee46d1d6c",612793795.019049
"1be9d865ac8d01f0378bc148",831710739.72719
"f2f43244cda8e2f5219f3db8",678285176.508866
"89ca905d858c7731313c82e1",630613182.124913
"5bbd0476c27c53e2bcaf9462",748314069.934876
"7e177acdec9c0fe684d8fe44",718443308.981886
"b764bb8ae8ba0d736bf54f5a",444713340.631713
"75f6d6beb64d846d965fa9ef",793930878.442538
"b5293710d0cd75f95de001f6",418556007.95221
"8b8ec04a78d3826b2c8a5754",587135887.155441
"e35579e8b9b24dcccf93abba",440492248.493533
"db5e320f51680100f1ec06f9",501480418.016568
"59be3c447844f31267366cbe",621220330.823319
"0f3b424c398a8e8b53162c37",696855412.304749
"57f4a3f6fe2e41ad97116002",570225188.776353
"1c6038b67a40f0749a72e6cd",646685764.228151
"e5da0e3919341762d5beed25",762624315.436506
"40efc0dc313284d3b57492f9",692620588.022543
"601da8fc375ba0b3df3b38bc",855044099.697617
"61a12496ac1e6f39c5ac5d3b",820102753.535581
"8635edb61b1dda6f4742cac7",850944309.745146
"ce12b48120daa5704a4c81e2",463297719.969605
"acf4d60dad7953065b59ced3",639485069.488906
"56e3e7d822e13838ab9f85b0",585984587.706689
"7ea2c18341f69f21b523906c",769653397.711663
"dd2396a42097b2e8bce52a72",758968048.456288
"41f99600339a7afc8e386e6e",696520089.378963
"b2d160f54ce5f98f46818e4d",797457279.145125
"00dd36caffef00fcde85b235",762401257.050253
"471bd64a0576aa67f494eb98",676990710.568211
"79e307acac5f42f2696b0436",848463739.456024
"e65a4eec62e2a5bbfaad5565",623154514.689103
"4845ca0d30483b36bfa55061",653182750.890907
"6784e116d96e03911e2a07f7",483281371.998252
"4184fd9a546823ff1fea0b74",517863574.966723
"616a5485bc7721ecfcc21c70",504297732.234214
"6ff3186df9d15b65dae5bd17",504297732.234214
"886706f32695891af743f986",708216651.851639
"daeb02020f23715e663b4a38",580971668.610034
"93fa1c8ebb75b77dea76ab99",631246370.240409
"ab25a6737b3ee0c4e9cf4ae6",803489208.882516
"c5641447732d3d1269965ffb",848463739.456024
"86b290218a62d0c51b099a08",735910540.756054
"d7b82133acf54bd3eac338c1",692519886.646953
"10fbecd8de540f1fe4c57b7d",507548477.10453
"137baf1609138c6ca2715c7c",489960587.430426
"f5534949a53bef05de31b07e",455580689.110327
"466d4240af2cfd09a31cf3ff",568917543.951619
"7478693f3e7e8963e95be8bb",621575424.91679
"6e537e91af0de67558bc1ee2",602348307.111153
"f5b0b51ed49be034c290efd2",488884677.246485
"a4885ce6808ffdb878c41f97",570225188.776353
"a14506a4800c27223fc34728",676990710.568211
"e8e97b7919856f9cbb9ad02f",691147353.746175
"e16685dae2bd3b0a4803ec9a",759101981.74079
"044b8431b186eb022cf6fc24",717184696.623076
"60de8c37c9eb96efc432451e",750386121.192902
"59b88e154c07bb7c0ddb4e8f",638413540.107182
"71590ac868415f3a185dc15c",678764452.904567
"6388b4cfd09e2b1219268cb2",542023400.110413
"f865cd15368fefd8c9d6aabf",812057139.365942
"ffd916080b1019827491de0b",673394609.293562
"6b8ce573bc2ee68ace26a67f",580971668.610034
"7ce704ef5752dd496a61d857",631246370.240409
"6b1a1afa055c15908a855e9e",625320138.981236
"2a9338f62c99dbad25aec5d3",765591179.376086
"c2282da3ece2dca6e8a3bca5",716984576.330687
"5e6324cfe41c3676c7d0a5da",753808079.313998
"f1a4afc2e543ce4260f1d781",831823712.728562
"5d17daf3e98cf433267d978f",699004217.161051
"d5f41dd3258aa346367d7725",458785387.836745
"da35c757f211ecaab20aeb3d",668268767.674776
"8d9cd237c737f6e62092a08e",754987056.00488
"9dd98816533e4ca8516a5474",586819953.232849
"27d14f352b2983177e836e3c",690201488.009728
"3dd4fa53bc59e5852f9fee98",693687259.478121
"3ca74495aa9adbd533ccfb96",678936570.395462
"dc93d8ca60d60a118f61390b",559469246.985544
"dd7b4c374bbbcc60bb090fe8",440329565.085369
"f925a05397ca6163230f7ad1",622047508.144936
"66a59937c54eff29ab14b474",494379786.224316
"077db8e0877b924d1b57ab1e",666053907.989456
"aebc3c6079c1a80f8b2f1c7d",693966636.746175
"ae41a566826a10d5a6768d36",761400765.618371
"489fca3e6dc044412d00cca1",751449843.491168
"fc2f58cc289d29fffe8a5fe0",498014793.260564
"59519bb6d5d299ee0b767224",660652852.276187
"19921a97a52bed6c6b8f4135",624940714.227301
"ae08b7f31e69fd930ef4c832",599257737.546906
"1b67fbd144a4a3ef40bd9824",371068658.018746
"9e142165bbde850d4379a49d",667264302.524491
"d3e971e2e224a20530ee295c",645019207.083464
"a672cd6c8c284e14913222d8",653299839.436835
"93086ab3e32aa9599708382a",679049791.438548
"63773145b1a896df26504b0d",474920456.742122
"17707d66753c1eb0aca28926",499847450.063649
"6a2d4d9a257fdfb2ead837a1",498311457.710625
"f9158cf51f5e9f644349a774",615091203.761103
"c09c39339b5bbd48f349a430",703013837.220433
"d470d84f5d8299c52fa24499",459577812.53807
"9d028997ff036c154c3fda0b",669978677.899443
"40ce7321869b706210eda9da",545350702.016656
"3fc826461ec4648e4f7877da",569590351.349509
"0e7dbec40eab1b3e5c6bc665",794688872.218567
"81b3256980dd7d7f49030c78",796853155.056711
"fed2e1459e9ccc06943a05d1",740993412.204447
"c535169307e21e5df7ec88e6",414718139.087023
"d78d84e4e42f145e02e423c9",401409627.474208
"3e523ee3a6c2d89436539792",401409627.474208
"5f2df52db15d2e0ebd327a36",575822873.139338
"1c1ff56435675288e78c4735",401635221.454994
"ec4226205a38a45d97f35828",492800674.760857
"3214488a8fa9cf8b3dae877a",664234850.189125
"4a4fe76c58f5735ce6b018aa",628912976.919604
"ff3696c808d4835d6c7cc9e3",493964117.824889
"1aee9081ac4a04490eb3f0e9",468828535.066106
"8dd954e7312e6e6a07d6d4db",513480994.478922
"daa52a91f1fee77f75550246",620127633.785834
"a4ad34eb244e48afe23a780d",407553871.51095
"0b4b741487c001323f508d5d",401409627.474208
"cb383b7a746ed55b21a8b245",641625318.19903
"4b092d4d5885cc224f6775e9",483200515.309087
"ba12305002d24055c159ed34",456612828.710276
"bd74d43d99a240ef4190ecfd",589264553.045156
"4957e0b129c5caf47b026c58",552650562.78821
"eb270972f0f69f1671a0a740",570545973.901166
"d51d3ef396efd4760c979de4",447804121.222289
"ac65d147ee69785195ef7da1",798164938.239387
"53ab42a93b6deb152951f82f",691482352.795049
"5826567e12ee3192785e36f3",643846232.394293
"ab64918f2b2b4646e87297c2",758811517.185132
"88b0d688281db2ef0a782921",764037676.596175
"dcceb6a2073faf9f89f3431d",762432215.996377
"73bf75d5762e3dd30fca7b3a",744219248.187588
"a45ba5d63cd1971de19c25db",861153857.843569
"8467eedcf9a48fee0d72d95f",641138613.651175
"6184f12f3a903658f3319290",583178242.18968
"92ab018394a5398b832d0b97",631286332.843996
"e8e215437d023387c4a55515",633957028.109168
"7b8a6949d55b5bb27c3c6839",703205943.992244
"33f1a7739cb556a78af083de",767514955.10721
"39c6bd862f908b7e8088f0dd",489815881.027028
"ae556ff5f318b73d3b29142d",511725471.541015
"e2fed68e0b614e65c05200b7",630310860.820401
"c62a4288a4a0336b1436132e",624869686.334451
"f23b32fa4894b6d59f73c151",646699360.466592
"4ac4fbcacef08524ccbf3623",377925849.755038
"5b5bb8156b98eb51a58e73bd",385355695.599073
"53fbed4f9680917f0615ae7e",546289318.701388
"730b528617c2841eea5addaf",550359039.133174
"13d08f7e14471fcf517c204a",687212014.992825
"da273cee807e254fc9aabb9d",782262652.715269
"b8f7bd85b61951ce83d7f57b",840781733.690714
"4954ce465ba712543bdf34fb",399812740.512749
"b7483c951d2c19de665f07b6",388343993.710473
"913cdfdd62e35472522d0a6a",584038932.370212
"be28b90a71e2922437f25110",584038932.370212
"b71857f1cc385219f114035c",469073647.579373
"a72041a40ca87928c695b2f8",584038932.370212
"65a626faaed9d9e3b172415d",584038932.370212
"229bcf400e309619268dda31",584038932.370212
"367bc4fef78a9800f8616d02",584038932.370212
"dc0ac888f1e87924e3994b4e",584038932.370212
"6996e88c10a94d9ee7d05357",638372019.684047
"cb8fbae1b4141461127c97da",635154830.655277
"d2de34876a7a6914c2dc479e",746623955.337395
"c666974c4303d43b87714c62",736540709.707629
"e8491a7994738d098a7aede1",749782510.06132
"9a6440e5318b2de28b180a2a",748961617.954583
"9ebe11eba1a88fcb24fcd141",474757820.056347
"78b0f0bd0494fba0293eb0c3",652457764.674894
"047b0ded64dcae203a3015eb",664688642.956875
"7b95396ef4d0e97de8fb4986",713433143.152744
"08f1c136d5a456c0215ebea4",766532051.942516
"0880b703bf2064f59f2bf20f",759784320.245352
"cfc069bd55e152e40b3a1391",835792959.00914
"0a00771ee714a2f3f96c31a3",595363703.505576
"06acca3d0ef4685dc055ffa5",583428368.549594
"f802b026db4bf9d68cf00b16",520434284.03131
"4aebacb9ecd0a117307c7841",846106259.061753
"81ccb7e0255eee6274f5d930",937684161.848374
"cd17bb739ac79f80d6f651a8",956624440.483071
"917829a0aba571cbe794838d",700949872.497529
"5b83b73ec31031582aabc527",479542730.47006
"5e18ac352e3f3119f5f9197a",797455017.63642
"b7eb15346797508f47ae094f",753457969.990911
"5ac98c971b9293bc6a8a6aae",732075849.260561
"e196b7cdeab1468d5d4e07c5",820399134.227513
"0ea201bfd515584bbf72f902",834734782.84434
"d2e6ab3b3106f36f2c3fc119",390650585.336155
"59db28ba77489750903261d5",684016032.625858
"b348c76e55613f53c8bbc94b",684512383.273519
"a1e38854d6725e9c48c128b1",621575424.91679
"b86c526fed01211fdbb62815",626842819.40949
"1d2b83d973547da8c168f743",592040967.834389
"0fe3dbfdf25d4b013b842b51",641465277.275189
"71a20a4daea6d31de942b2ce",827483133.812217
"35352b370a31d01748616b01",848914834.814338
"27942219389ecffbce2e1d9e",742655516.360185
"62fbacd4e172983a2a998daf",637174029.959379
"00c1165df93a4cfe679f54e2",495777241.698278
"207f669778ed0db0e619ed40",569053165.453
"5ca0586ab7d20dce5e9ca8a0",663422556.434128
"cc27435df779f16e6a62b0c2",609296247.808448
"7a94d3d31471ae313659aeae",631791233.873956
"efebd19fc5a2ab30f2ccedcf",379365678.22677
"8037e40c0c8b20ab6e0d4b78",415631131.023158
"5ae3359bfe2a704de00e8801",558085637.603767
"a5587c93c012375dee920f71",602118271.270543
"ee7f7d547af56773a4b0afaa",653873581.981004
"9ed988dd6739eb7ad7aa5a06",672842181.811981
"26c08d7331ae19e1934a22da",798164938.239387
"767024c66d3a88bb18407b6d",733885517.638823
"6afa85ee6594d1c8296f04b2",512566505.19593
"551ca6ad1ecfc7ac21f8ef0d",631926481.156405
"1f79204a8f62c29b0a1b29d5",499847450.063649
"3dc0fa238745fbc31ba88853",489960587.430426
"4bc3f597867c6844e9b47fc9",412004377.935565
"53973c17ea7e89fbee5e6cf4",419304892.412823
"05397b2087e5cf381809f169",486308493.421003
"584990ea9718bb5598495061",455745319.202266
"2e7c6a89d2cf2d835839f5f1",666718117.887684
"5c02d79c59fb636ca4cbe86e",597664955.15725
"114436e00c03b44096823522",644002763.665449
"60caee98c3cc8526d16d7f44",608680765.558338
"8207612808b5947f2802d2a6",699774112.356908
"31a73382ae20331521bf2e6f",755596611.670742
"c58947cd4f238cfdc0007bf7",828178845.467491
"a7ee02ad2a4fa122799a2dfa",811069011.266952
"c77a63e92b9f727034913d8f",695456540.230347
"56c6bf831d3c6737e3844969",753142113.414766
"73ec6f4da3c277958cd2c228",830992799.015664
"7dcd1916c0485e0b80f9eeb4",783611093.314532
"cafa94c4a56c23ec73ee9071",863752433.054234
"d5ccfaaaa739b2bb2b3d46f7",701852821.454442
"e6d2e862f58445084b2980bb",821307777.192387
"62f96ed5c1e5f28117949a23",623359680.955919
"20d8980a4fa8e094b7a5f00c",623359680.955919
"0172678cb0737e21a317eda4",602521891.125324
"6254ee88812e303bdedb8767",792655036.188553
"a812ed43db71868625b351bb",828874352.515376
"2bd1c70db60a44d4400847ca",822449990.836236
"b057dd8a9c2082d1a78cba88",510902999.662523
"2fb149a70fa14ac05582ae69",441801935.556146
"47e282cb12ae01243d713178",481780146.335572
"ae47cf27964393fd56a52d7e",626842819.40949
"21642991a20d6b0d17dea2bb",655353404.76714
"43b10ad2660d7552ab6c3b10",656340869.529027
"64e5093d6bae57e8b4298123",661544576.90949
"9d8d3e6fb432174770c74e71",640195808.744646
"9f2498c12d7b41c213bec0ff",553095724.139635
"6461c0a03ad3ecf2f8112759",565447712.868387
"09b15382686c42fd89b24285",848850802.429662
"da846b08fe2205d2e2a3dc71",612630192.239536
"2a89ac6511416d0920f1b9a2",793193119.734858
"3e9083411c44213130b2ece8",470899986.931556
"0f0df5694eb388d843e1f17c",462101443.493983
"ee6a288e644183bb191a6526",396357129.181007
"8f570610ef199a3ecc49a0a5",646478962.433705
"3115e2391cc3a078b5e6066f",618203684.287836
"c7e45098251c687efe670815",635052634.356094
"8a3b7f5a8da339fe19e8f138",514946613.509991
"2f801cf48edb712627196b2c",529825910.937104
"a147a8c29757c5d0c592d347",560799580.929318
"86b0aa633bb16582bab5640f",543509777.247825
"c9620e3e2dce92bf95c57c6d",653815493.709164
"b746e4a5c9d04cf4dbf887da",511072857.638541
"915842a8a03914c08a6607c3",577666273.005762
"e9e6e054c1d09a22b7efa20a",574214194.941183
"4b6fb9b705d80ff350bd620e",541113195.326597
"9a51784f33b0cdfce8312163",616096525.801579
"176c9a90fcbceb91569fa3e2",718324372.832952
"c97e70a767a3661c4869bf86",690288793.218883
"a6bdb6221b88a24c9f8381b0",614130844.635483
"0a1e6a95a0f9598150c121ce",818038765.472729
"37d12acc69d0e3e92420e62d",755136842.632562
"d433ad6c3cdbd707e6839082",716675039.439045
"36bec92975612d091a3c78b1",605663693.515396
"3eb97ecf8069775b9104af85",759898203.20836
"9aeed339b2d916cc89f38bc3",742814684.889349
"f404deec9ec16a8460397815",646039033.597225
"8a0114372706f30bf6867a2e",700830556.513234
"681e772045fbee930fcc9ff3",679516951.339482
"0816f29a68aa35abd5978e7c",702018775.002447
"670fe8f7b8ebe006885b2777",753616307.205642
"d36dd340e5875df6cba999ad",752544759.176791
"8ae869c5033c248f881ac313",738197511.296326
"294b04da3eaabadd55da9c20",885815747.457168
"17b360d57782208f5afdfe4b",894923466.244501
"88ed5ebb575d026f8d440c60",601399150.317289
"e611a37562f88ebe07bb28d3",462550980.868514
"e685650979374c571dea2ec1",476411922.81987
"10d47d2c73f0ccbc97979bcd",565213106.678811
"fe96a7d758a874b1f0c42145",578259519.230171
"a7634531887e969c9c5469d8",608744744.824356
"42f38b1b2dc077c88a746c1e",608680765.558338
"25e832098d9e6e7c2f9afe2c",704524294.151465
"b7dc47c641b46ca99fb83a0e",754876978.984285
"0391d158ab104c5cdba31872",632546661.32785
"a3c4d0ba7b85b9a6370e131a",760011454.690485
"27721beb237824844adbc289",776500490.613075
"6e807e25b64bf0de81f51c12",868109020.599921
"d2637d64e4022075c8f539e1",841371301.736934
"faedbe92e3296977872a4aeb",654671305.601611
"5bbc190cdc5ff3296801ac0a",449376728.309447
"9b0abbbbfe0bc85686304ad6",407588032.711987
"f8263893418eb0752dae48f3",515329935.098116
"1e73d6064abab2cccdb6610c",512777453.926591
"c0155096575af5fc8db843cf",456612828.710276
"9c7f7b0ebe440f60d3bd478e",515329935.098116
"25187d9f4cfe89a525ef2493",513213185.941943
"85815a09bde2a30e296f65bf",501929953.744392
"fd45b984efcdb0b434033fd9",407561585.907532
"5dac2d2027b6c81c1b7ee3a4",512777453.926591
"7df538c0c831520e6d36e39f",440909952.691768
"14b81320fc31c7a513242171",513213185.941943
"8026e480ba395cfe1e09cec6",515329935.098116
"80bbc51dd90d131d091521a0",414490727.448395
"ae6ac510d3e46a50ef24896e",515329935.098116
"06b90d41ad3ce1d0d389fea9",608245005.713211
"8d911c1a195567dae3cad99e",580433058.787673
"2876aa9ef0b44e43084393fa",628178470.732782
"76556774906f9e12b319c232",589324891.621232
"9662cce3c4b92d1c99849899",672842181.811981
"de3d078e5d524d8a7b65841c",514963107.993682
"547c8638128424b89d602f50",649072391.805336
"c8a3dc3654c53cf66953de0e",591933017.025214
"21c8b93e50ac884e63514f10",678227834.944019
"49a0715897795017ee0de843",728964813.34147
"5d646ababb10f51c141e0d8a",687689910.44479
"da598f8a82b1ad1b02961cd1",758968048.456288
"84d8f7109615519f2ab0a48c",694423124.58408
"0d027b81f8391d73fe0046aa",832097837.265214
"079bc331430e94ee76f8097e",756706369.7397
"61055e6eb1910507640ce6b4",714613588.068233
"3f6effb8881ea683838437be",755249165.153534
"92c8d6ee8496b91821d7ba3e",678115984.160011
"78a08f21f7d7c51ff4d5b8ac",675435206.938424
"f7ee7282cb9edc77740f392b",657414603.29271
"694b0a500f1619c4ac4c85fb",951649241.323196
"13d43933e04c3c7a9e5071cd",740724041.9983
"5abb555cb9d65db8e6c28201",450158476.180381
"ee8103b958673c589b9cb27b",746251617.634835
"5b3a467a3b0feb8ed81be1b7",977110835.797485
"e570a5157e02d440a78ca008",635377131.901214
"70298b5e8fbd66aee975ff14",649182401.915263
"2b552d7b1a1488dfd618b120",545637003.737614
"f4ea9c80fe71a1bd0b692475",621594932.868994
"e6a9d5c9a82ba73e76817a81",618160816.099641
"9b58b5c993540ec3ab1e4a0c",353827116.218425
"00858277a3cf4f31b8e3f738",604314529.003559
"d937ac866f671e4a0c090879",641831371.770768
"7d02b3479cb2d89d55bd4fe7",592995881.025677
"bf79649b531e876c5f03883b",483443375.341137
"66a2ec5aac8969b2be538c1c",592995881.025677
"7637c251618135e082a9e2b8",746485737.090746
"e8c9070ca596f88bc2e0868a",633781688.416639
"64adcb2941e9553ee394caee",538059385.306057
"0bc8475715e42b752649b4e6",478286082.269961
"956ad3b1dcbe8f236efe2d2b",578282707.767969
"dc81900a751b64dedcb4ac39",464846199.947873
"02e52d3895522d9be85c4544",592977190.462738
"49d6752dd196e7dd583baf44",499894307.579493
"8364aa431b2e267e41efabc2",449376728.309447
"1b59d33f9000d2e1aad46239",456544686.964276
"74a791baebeffcb7e7b917d0",713433143.152744
"0a3911a1a9284f2ff81689e6",424740736.019933
"6276bb8ceb13d174b8e405f0",501480418.016568
"d573d2caf8c67aa32bbe592b",507247346.340546
"57cafce17dc4de3bf8a9ba90",734585230.990637
"1dc9e5c684c831b204d21585",643151662.678545
"48df432642971a97d3d4bd45",661453401.703552
"4902ccbe8456d3f0a29e5059",714310209.875961
"3a810dc80d3a63f8cf106717",633602920.16691
"c9859204696f3440cdb541c3",776250892.587816
"349fa9cfa15d8f8bdcbe863a",835031162.128346
"d0bdb51c8020a37fe8344650",818484249.777908
"7b037e6e5d110999e51b79c9",678227834.944019
"f677c51266f5ada9e23f20eb",465433289.317424
"1b85d69a0f8ce1d6ac4d4475",495308584.411927
"4570a3ca0571c70657b4a1c6",565778398.760274
"de32ca7785b71dbcc76a50a1",598842208.745388
"4e3cce6b581e74879c2dbc4f",619552343.500116
"09c4d4b5d1c0118d877d5734",610601925.141946
"b9809baae395914981a9296f",614423156.946138
"fa56058283c975be76d7c990",694527974.771528
"7b32938ebf0b1b167a3d2d20",692471909.640666
"bb38c1c17612ce593e5ae7bd",596079719.672558
"bf0485c2e267d06b9b1d90c6",663760903.913314
"0357d0ee6e0646113ea543cf",669642280.403308
"ddf5182c482fca7d881fcba4",795923034.076278
"47e6a61fd652a3dd37556ddf",711657938.216087
"a9054883a22542257c7e778f",456612828.710276
"d7c70d831e88d552da09ff29",656170290.452164
"d4d138bbc80a0b29ed28a4d6",564638827.865295
"dc9119767bf4f21fcccdcc69",647125702.353618
"e8caed8cd754b0e3d43e6954",539221144.248566
"033307467830cb865a785e3e",575609963.439508
"5498b3e3ca091bb81be87166",709450490.60432
"bcaded180edb36336c2f5b96",626487173.618741
"ee4377ff95580b93e80ae08c",626204739.540046
"c25e1e289cac1bbbee489122",631565791.036672
"7e41d90a838048eda035fb27",619517151.478775
"f418efb887a15127cf2563b1",767011105.03712
"93b27fa67eae8cdfcb846772",615351310.264059
"6a42271a0b03bf9a856d1acf",685120727.65319
"2af9e271765438a47fa7e7a9",710179207.727817
"11429e0923f804d7dc5d27b6",826905242.260922
"c218434cb0b05ebcef935e5b",531459389.06364
"a98e4f4db7afb8a6c9f69400",647659030.645666
"3c35c8993bb937164ae4a880",652549670.316371
"c23a1372c81ba03e6dabb0df",597592458.102625
"cb332695a296899d1c798426",797354953.851153
"2ace3da2fc4e0c022f7a8755",759102969.05108
"14f1bf9aa68aee1ac094097c",789090750.417658
"649a2784beb9b821d36179af",473885079.891752
"6bbb8f89bae38eff88c89c46",577779000.344825
"1905b860a8d463c3048b4e46",591469385.438803
"3ec50faceb434f716d73613c",797289220.727795
"99543a17b33ab955d03adfef",715559809.636485
"edbafba81b92efa9b1400987",691042032.76622
"9b3846c7abf642e0a6220e7a",387420466.42605
"691c35e98d0d5780aa82aa06",607574193.126999
"395fbdeb9f0c0586a2b20edc",583224495.434895
"4803a3aedb6c20eb194469c1",776267159.691852
"bf95acc88b60a3d531fbd42e",633642827.709195
"b936e36ecacd7cbc3498cee4",555182789.955383
"293c8a0a4a358fe7554a4ae1",409823373.615852
"5a72e2a62121158efe59069d",410341334.528801
"605276b332b5e5984b83ea8d",506752583.123869
"d3de7e975a9215d04567e467",618125639.432783
"44b623f7fca1a306560172ac",587571724.73502
"9a6a8802cbf3549870c55031",504109091.498893
"f43c684b789900c58c8b5fd4",618125639.432783
"dd7ec9d7dfad5364dd303f49",585048416.730387
"506f2b1ff3e4e7e43a5596f2",513701014.315348
"090d371309090bf83b6fe0f1",614275699.143068
"886be9a1881866ab1f300533",671213026.424021
"ef34f331871e8ca6573981e1",671213026.424021
"53bbf1d3345eabc2a8b7f5ff",640424327.174985
"5bb87c8d49ba8ae67a659b52",774509489.763657
"21dd47ac3c4e1d6bd0ed2485",709666334.226587
"f59686ef2740247394547078",630902106.082297
"8fac177c5a8b4faa21b33138",682999663.222004
"b2bc172a3ab25b8caef50189",617680294.466918
"a10055de743532d7b7bd29a0",728610857.66409
"c344e3be381326a1b6cb5989",752802945.463971
"3fa4ef366575bc72ca5a0582",795448870.885025
"e9205b722e624eba0fd36145",670870975.773327
"e75699a7693c678786ced75c",800605932.151411
"23208132621583ce4a46de77",976045624.113181
"558d9e4b57fbe6c7e0a09a95",1196155077.28441
"1a6ecf722b2eed8cdc19ba20",482720124.712517
"11734add51785f1ddb999c5e",531622579.258139
"82c9ce0d018c1d620b7a6689",602021080.873583
"80d95b058cb11ec829b5ec96",494171237.152649
"cd89201cfe3fa19a4eb14bf1",709666334.226587
"d0a5f33f0689445e22db6626",637447930.636743
"c7c99ae9259b34bf9b8ba799",541996276.679042
"73806685dec82cf637f19384",547247615.752703
"83007c444fa52b34482ed55e",435393754.342335
"e08561df5747246d74136dc4",621220330.823319
"5b0219cdbb8ed527aec91659",768838866.771843
"119805b72aeb50f05d3a5bd9",768748517.643477
"fd20cc372715855081e24eae",771306154.319866
"e4a021b625f4ffbed391c6e7",744532632.860752
"902d4fc2c44ae5ca2703426e",633742560.671084
"71aacbd62d72d3eb29a744dc",710453611.329656
"7290697f96d8e2101089984a",660034664.864486
"314153750510e92ddcecf33c",741215552.231433
"9d576cf721ad30ab1a4fd554",701852821.454442
"50160783a9a0503df5a38dee",693363408.369882
"0f4abd70b68453d3500eebb5",642810020.92212
"42cde300d741cb134a529031",598199422.398091
"1e9cb258a0b7e08244d7fcb1",670373798.097982
"febc9a1b054671445d756cec",762449832.660567
"39351adf139f820864dfe8f4",853344421.804707
"b4fac45659e67d4e91fe65ff",456612828.710276
"fbe555f6bd0edc1bc950d9ea",812013326.313086
"67308f6bb80d2a203e306104",569407639.261254
"799cb909791d43a1eb305eaf",495303319.423168
"4354c1b6b27a87c451ddaf36",616656887.766532
"0b937a3ea4864896b744108e",511419787.696513
"b96d8b77fb5ba71ebce2fb26",536481201.335358
"f4b1645da3f4286e39f2fe4a",689707141.389664
"a2d1de4211aff373009809ec",601112891.031358
"50b619ba3e0b2a4c6512bc97",571022973.296071
"3d57abd322b0077efa1091df",567614851.416772
"652793275729ff3b69e86072",509140184.701571
"1e2270f9f49aaf3be01dab49",696509347.995099
"99970db787f55a4d1963942e",406411990.31822
"801d821fd6ab7ee01b62a800",581247683.920254
"2abd46909a251b8ebbd37133",555342925.75985
"20a783884d6bcf1aa5697772",445153106.906128
"2fc38ab2689eb24f63e32efc",658722393.627198
"1f592cc4ed728909040f953d",391640355.140902
"d1dca15e36fcc5ec14dfd870",391640355.140902
"54f7aab6b91b48272a81fb47",388980762.517466
"b6d84e7d569d8d0f0d0c9066",515787842.269777
"54d10cb2a44179fd4d726f1b",519668320.033754
"341c307eedfce3f735f4a63f",511881924.535031
"1e057cf20757627d1b006141",610943140.244915
"798bf22408ef6814759da1f5",650978474.421701
"9ef3691cdc2bcece41b47e78",616306658.960917
"fd5793113661540ee34b8cb8",612542901.51191
"9c4ce4e9f12764544cc8bded",638429500.210094
"542b5322e59a3273e10dcda9",648025939.851206
"af578bfec5d84cc2f4ffb8bd",698254048.040586
"a310528e34207b5dd813df8f",689707141.389664
"ecf5c9bd618e3976ceb5697f",753427358.622028
"d342a1ae299065045a957767",951255335.611418
"f5dcdfdcc8f414cb7a38309f",666006338.193035
"4090c1b86074c8e769cc72fd",585938009.772553
"7ef2d4777310765d0c8121af",666649633.68943
"39222ab30001b3cf45b7de65",618282997.566055
"91a73bedc30e0c2acd95d6eb",689680086.18516
"d1e6d6900eebd9ace65d6c36",771306154.319866
"592c9c45c07388359f663219",698664005.849612
"738111512f5e5052927468d9",617825659.706568
"0db51d4771623f5fc1026d74",541132507.354468
"82c9556e19072558cbe3a7ff",678082505.478583
"c1e51ab95336a51885b4c672",532683060.396089
"0eda675541a035b1f620ccc8",640616195.026972
"cf379b41b70374ac4cf82dc4",648584029.503057
"d90c961aa01e51d63e50a2de",611384889.012759
"990379c9f9f210206c6f1916",678829227.333413
"f8189811dc639d760937df95",752205374.517261
"3d1deb639d94b292552a123c",424054612.699364
"43041a793a13a4171f22e492",491027910.210429
"052d00805b2602cac76fed4d",578319620.688558
"c76207e622cf8a208910707a",408001899.725577
"ebe33bde2abbecd6d1fb0cfc",518156430.595163
"2e23ee2beaf5293f57a5c504",474920456.742122
"abbd422c412c2d57f5df62ba",465467773.996834
"648217f4d8b5e0e65dea066c",667458744.284198
"52e7657a539be5f36f48bed8",731052814.794226
"3a276f0df8c12422e14107c5",750841846.468958
"dc537b5973d2b94acf6f23df",832589613.446052
"0a41279a5ea9b92bf8cb79c0",752070130.764412
"80ed77aff62d4c57ede6ba94",714350186.247908
"1fbc660f780245bd72015f07",505951469.627621
"df1f513009808ebd46ec0847",568539393.405931
"58708fd9e83147daf1a80c48",427399319.812959
"52b699f9900d81ae85ddc7d6",471019302.91585
"98c5b154ec80083bf6f51835",673394609.293562
"588400f7829874f9de919e39",587135887.155441
"46a2a88ef09b2aab932ea02a",580078982.158316
"31474c62a8f39e250fb2882b",649072391.805336
"b40873d316de1c295f2a97ec",393523062.886753
"bf4b8b23cd87377169684e98",488014282.154582
"a34b3b037805f2ec489a95fc",501315632.673141
"963985c57392ed0423d74caf",513029256.444261
"a93a37e4cc75c069e14ffa00",735792072.157057
"071f284d07719a3517c55567",639334819.596535
"5d030db414b00948ec10d18f",621575424.91679
"6e57de8c4ec2e42832cd4b09",627660756.584339
"d9ee40ccf461ce3e9ebb815c",655721067.922734
"ee13d186a24af238d06e0c2b",753277619.2481
"f27397321c007765244e56e3",824563883.712703
"959397711c3f452486ae591c",812144219.259677
"a41222195e5c7d7987dc3c7e",415245777.987119
"ad14cc63c36789bfc1bac0ef",462562542.426755
"79ea72e7b03cfd4fdb5219b3",499315778.827693
"cf68e05962a41395844e9c80",524653727.377496
"4a20d03d09fb9d0ee5565ec9",595210844.604007
"734c9446d0674b8d6545bfef",632886254.909836
"d9706de7190ae64c83e65769",639133724.263772
"b778282fc4b9c43055629e44",764037676.596175
"a4d4d6480b56d6198c0120d4",771306154.319866
"7557a9bc12cf0f2901c00264",813784267.312957
"41376f69b086937257387f1d",860428008.505019
"2910f3631d1db77e4b61f8b5",471842038.669388
"3a8a506c99ede47ae2257e87",703085196.55428
"25d89911e830697217d460f5",703085196.55428
"365a227184022e99f1d2a816",705976533.578222
"c6e34cb4e79a729a5df4183a",772346103.620904
"c5c3f06bbf812593d1b95a40",685855414.854909
"acd6ad0081960c0f17b144dc",772346103.620904
"344a104d2210954497a5a388",682025277.052128
"c0109086d0f49aac6c3f3f18",708311922.502366
"c42c99f5da3248e7bcc73fa7",751899190.414335
"8e1e9ae57400052cbbaed9dc",712404697.541228
"8cdd55d191f206b0841e56eb",510642614.728985
"c1e0b47866cf4a0120e4b3d6",565213106.678811
"45a033d121ca5afef24161ba",569872817.197149
"bc834280fb45fb308d957640",640067653.369032
"9ddc14c8e7fe7ffb078e0019",627547309.987129
"7d66238672def6f73c25247a",689002735.883508
"2c12cbaa1f14553c1d41b958",501480418.016568
"196969a98960a68088266261",471019302.91585
"a5a3cab55661982b7d30bc78",570225188.776353
"6464d5cc161ac659dd963897",595213922.936978
"e9f44786cf982100af0984e4",624718440.350996
"6302e608d8f37e63f4e5cc27",603541627.998832
"ab614a5008d68aebe34aa201",753878575.509312
"06bfbccfb3ec0b1f65f4b351",765473875.777717
"f7f46ac9158f0a1edd01709e",761083201.725659
"6e233ae6294318baaeebb59b",827483133.812217
"bf6e713a689f574b532edd4c",630450849.844579
"a7e97bdf2d4f2f62f9889c3b",634474013.745435
"784822ba0060eac9358cce22",382359827.990093
"13c51ea93d19df6c273a1502",457173640.989373
"176e00102fb65cba56279287",599978202.506054
"52e5904902e4d75ad87afde7",582886505.494386
"728ce22c8db9bd0abe3f20a8",692689972.690293
"e8bf121ec117e383c843bc51",1044898447.90931
"878ff8ef3c862929bbb19ebc",567982607.772866
"ed80ba018de35d5d76d50db4",812013326.313086
"9267fcc93ae3b6df8c12d9fb",640067653.369032
"babe27dc477f5e1b7e438422",639486095.842976
"a4173461aa676e09227559fc",616445702.807407
"f0b2a0602bb5a83f0827ac75",651566767.151677
"2da346c00d6fc39268f12b82",650711816.200871
"9ec5fbf8767dd0d2744a79b4",762485711.087633
"c85e9bd6e20ee2a883d0a7d9",553252854.828746
"191cb509fd44e580ee32486f",504580047.824832
"053d37bf1d988505b5e91809",521056588.382026
"4d3a66e028dc8f3e9ad9e9cf",807098113.424236
"c75b265c0eb946ce77e32ce7",624331457.081467
"d233eb8af3ef7e325f6c8f9f",593235381.275268
"7f7f5313341b3ca499968716",638312334.45726
"4fa51848638f4437a3e31682",761731891.94904
"9090236db3ef719edf72a330",803222233.219964
"4dacc190eae91b059dacbb00",760302939.832843
"ccd2f6ec8e9841f1068b7c76",725727462.422914
"a354cdbaff42acd1a0b5d82d",636693933.026928
"da8d3092ed0e085a83a7d67a",744897571.824701
"1181e18553eafcf5edf6fa05",539339942.963308
"5b146f1914acf2ae78360fec",681358778.832915
"a0fa0aca2f6c2ae65a98ccbc",649182401.915263
"038bb35043651579f443c481",619555141.287334
"430c46358b85ad4a741c7187",444132044.726816
"4becfb041b0439429f2cffb4",444368413.82676
"feb87029d5a2e8125e165bef",467340575.294214
"61ffbbc24b30698ab8f735c0",472220684.416109
"0e3067f71dfb9dc2e03bba59",577273294.249221
"b8ec643c66478da376153333",384974974.907103
"c8bccdccc9186136a332e995",766532051.942516
"0f4765c8929a87746217e957",630858975.924212
"68c145df0ef91fb4d14d001b",528362029.605567
"e5b92a0c67c506ca6e92315a",562013652.719515
"a482103965890c922a66eedf",588119911.763441
"1d917f9f5a3cd44cc4dc8d2e",545561094.118275
"4cc968db25c2cf03991c0041",551058097.49838
"91ba0c5b21b52734d1e244f0",538015985.37964
"d6a8f4abcb02142c6dd15b30",470888186.298893
"0587e7e1f03af8ea6c46290e",592413868.83479
"61e1e0c49f3aafee6ec9179d",709239261.50598
"797da4e993a993ef80277108",682857353.103232
"b8acc8e72f2c498fede3fefb",688296454.578835
"ef2ae24039bf2cff1caa4340",625737595.36384
"cfb8d15c6b0c0e6ee4b92109",709593765.177907
"05aecff6fd8d866c6c157a9a",714537252.617377
"b2e37eb7cde5cf4290649ad3",794707219.105815
"b7ecbd35179a7658f3c11b41",783359114.941295
"699095150a7f3f32c40454fe",688844403.845043
"989a4fc1590097414d7c3fa3",384825235.533174
"b6853999c45e21646a0d1b20",456612828.710276
"6ddb6863958ded0d72fcc6a9",573238036.759562
"f6fc3807b54d8c69459c4f64",738324965.746758
"6528ca87df8bb477f4b6b8c7",477093678.005783
"7bba885503ea7716ffea503c",600077022.147302
"846e6f1ba1c94966314345d8",655739414.806317
"04e6a79dd3e4d8d17c8b5387",751411922.104524
"4d60db10157fd0b5eab9a23f",661614291.227778
"0d7d434afcc5e93050e0b86d",653817404.463191
"bb9ffa04d913d06846d082a7",752855927.414893
"80abc4c356813c1e4ead1e1e",444368413.82676
"df8979b26c9971dd7c3500d8",646282546.51045
"6ea18874ea84b5b4840f9b85",618484963.952866
"aa75ed5781e6e8584143daa4",652391832.193785
"c8c8d083c9b9600059a8b8d1",600830871.049161
"5c8f3b7ccb4340263c255d00",462821397.13057
"79b943894c4dd68bfd8cde7f",647597520.871099
"64f36d32a3a64853227fa69b",818125926.789381
"d7080c3742cd9d72e9d0ae48",604864558.560195
"8333d32b98625a2742cfabd6",735120643.092925
"bddcc7fb72bb973f84b864dd",742626041.375178
"5a80dd0f68dc2cf9fb1b0c03",474920456.742122
"5d82060575bdb7be33e63ecb",627547309.987129
"de416f239b27327e0f78b862",873633833.269253
"816f93a2e035e4fcf61ee4c9",632796365.23389
"aca1776ef24acabe172d573f",762888943.780706
"af32aa018cdfd081a81bbc80",416119268.259428
"7d133cde943d189c9abbb6e4",394796438.095158
"80035ad5b3b4a948469800bb",628646944.685787
"95bdebef7fdc2ac0e9541c51",769632993.046201
"d038e5695b32bdc6fff1f72d",524481515.564398
"2979f2d91d649a8c14f5453c",507244149.04377
"a0be286778d94153d3b22ccb",825887142.145205
"57e8ea351ecd1ff0825b1324",656555541.833251
"c84f96cf4570158c3832c3f3",766532051.942516
"93ab279de0b7b414ce758153",848486339.171675
"2018131ad3f6e5aa8f4be704",979395523.959841
"eb055771816b45213df3ff3b",453427659.723359
"8e3700ec731701361d7bb7c9",462459572.370689
"422e994aaca85628ff759004",575761155.98436
"569e2cad5c18a5f393f80a8d",763299000.297457
"7b4ca3a8d09968e48c185260",791908436.962866
"12785f791e04b3a49547fbc6",1048630775.18458
"02ea72128a99862e9537718e",700830556.513234
"fd77ee8ca0551b5b614b40e1",686808517.33402
"ffbf6a54fb00029ba24dd3ad",604289105.352653
"a295b12b773127f15e83e174",455580689.110327
"90f0cf22cf9c8fcc290e495d",495977855.454076
"220d466e3737f1f2a8ed06ae",510902999.662523
"235c56f4afd6d87f1b3e199b",354994952.391103
"eb0f3b14782c9a484408c606",767468934.111402
"4188712d431ba996cd59fbe5",477388099.370315
"3dfd7e954d6f7f40af60bc9d",477309013.964773
"00e80be4feb1e8593b7713fe",597592458.102625
"eabdd1bad2bc4351ba4a2635",769177712.065925
"850342685ececa472945f7ed",684838101.987988
"ecc4d05489c5ffc8164d5469",489960587.430426
"2406d47133763272a965ef51",585840183.139858
"b9430e8c145c2a0d7efab2a4",674124653.580756
"4f8dfb8de411b8a05c55dbbb",635475702.441412
"574b6bef16abb21fd67db401",559558608.264964
"e7ef0d61e27de15f10b0d643",769177712.065925
"647ec3f486cedf045cdd3b68",557203838.00405
"69d83d8492db7ade6c37c3de",605684921.08666
"6c07175274fba6a0dc467cbe",619501791.336069
"a5a71962df1b8bc45bf5547e",773468226.195272
"ff61abc1e7843e20b1bf8656",395455207.137259
"540c4d7a79864885d73cca95",592660216.192809
"17d0f69ae2c4f1aaa1aca9c7",669336181.855571
"80de6a9303eedbfd1c69601f",862104086.553435
"7cf573f273b14a6cfafa3ec8",529716257.682802
"eb9ab213defc2de5d878653f",718878822.529734
"69f7ab8608b5328f106b42e5",741431867.843307
"9daaca90887e5144c35daeff",719891157.012105
"2bd08c0964ef4a95295db843",799904866.442101
"34f0542a538cee9f3624d897",564722739.968727
"847a7fbd4425fd2fbc4b3edf",969733158.11775
"22428154baf95870f1d83fdc",737448313.418289
"18e89f083fdbce3da0a82a4a",667099917.753751
"63674e7ddf6f2b4d7c6d5c1b",521405466.067652
"0e97f66cf4208c1a57d1fb17",499995640.540055
"a90f7cd68b662c87d9fc2d5e",604761462.687657
"2086639384041f3a9b519140",682025277.052128
"d38353aaffa4af168518c6c5",765677100.99171
"d994f3919c3c8fe0ebd538ad",819567365.125992
"ea9d6dc517c77ff8bffd596b",665324323.924013
"ff83788b9f8db0297f6c0148",959581944.041981
"9d9564415e52518c2817f66f",537809235.328123
"9362189c5d784741c9b0f8e7",973565508.271251
"ffb510bd3f847f4ede255fbb",521039828.417466
"7d3e4ead63a869bae978027e",756868206.295704
"5dc404d1c214abd2d45b2a0a",731505535.282734
"64335f6d4c1a7514377be77d",521108604.850625
"b81801f02a73feb1db7f5e83",1158986650.44764
"b5d6fe84ee7c6a703891112d",731527971.006028
"af0502ae1fe341c2ce1b5325",604860094.152872
"ec43b2789c9cc266a8e0d1f6",619552343.500116
"7ff8b0b5ab4fd12f3be399ce",1008664776.70004
"d5c8073e3ceefbfbb547eee3",1007407854.97417
"66379c5752189c150954b4f0",619263017.025053
"6a3f9046cfdbf4eefca3ca69",638668546.327877
"b549a72c938d767ed504bd83",772274744.287056
"f48e503ebd3908838c1f2ae6",690481237.889943
"e58ba64bfa5280630bfcfa97",662756278.361529
"07edd16680605925192efcf1",631246370.240409
"70b821bc1c7dd846a8be343c",456544686.964276
"d84d7edc4a4896c4a8722328",591469385.438803
"6d592a69209ef3356e656c44",587185969.206948
"ca9b2ef10b512905af6be620",631246370.240409
"bbf16146922556095f53b5ea",775355752.184519
"86e80098f5a3e7dbd635838d",804372926.20263
"dad46c20f9f7d834e522fdd1",758917938.400867
"e2dcb036931bf4b2aa030036",1308812982.46181
"aa7a25411bc0f9f93dcc40df",354994952.391103
"e192181121fe58a8bf94aecf",572138925.780212
"5aa715bbe2b178ad0c9e4b08",783611093.314532
"43b5b5a9a1615eba48ab8b66",412004377.935565
"dc91e3fe1b190fd8cf2584c9",578336613.804476
"1014341bbcd2fd5775631f78",548520892.796269
"7f2e9d302a6ed1770db9f7cf",755596611.670742
"73f4074e5e09e52e0e03598f",742110470.089406
"0460eacc73398bb95f0518e2",812390504.304321
"5a44be6fad8878eb2c394ca9",619866924.903293
"936cdcce007bce08a72112b7",620803952.879714
"8334a4cc7db8ed5c0071fe95",575099575.155499
"e3e9d1d073b129c697c1e9e9",809737747.934024
"dd9a60c3d502ca3cc98d9b73",810374068.796043
"949184accb5878f82fd5c10f",402743730.755818
"bbc675f7edfa0425c78c15ea",520474176.639582
"7436750d73f2e56b4f29e98f",576892715.443081
"cf81103f31f74edfe0453de8",507066012.251965
"620e467297aed5c47e22735a",501088115.1681
"41037a3f8625082544979179",578282707.767969
"6a2db40e5f210a31b2f7119e",467977282.170733
"0083ef74db679d22463a1afe",544059505.618046
"b19be1ad7f60717a943ff0f7",627538531.731601
"0906b6a88fb1eb0d7bfb6bb5",635622989.112179
"f82adf71d17c261b41a5231a",455580689.110327
"bdda694c42c52ba4803d482f",435393754.342335
"80f633154b6f94b8fa24f213",623359680.955919
"f69aa18a64d8b8494fd9fe3f",520657704.32134
"3146f3ec9b237fa0944cec7b",586092497.700516
"5db3d671b5aa03dc33f258dc",518677542.918357
"d5239537894ce7f2a9cb5a49",576325679.392062
"bc28e66374356a4fcf9b62d7",477565715.870139
"3697e556be961a16a621f3e5",468007614.821795
"bb6f66493fbafa76d70b0a34",665478548.649696
"e78a4111d943044a9a32ed80",706625936.685843
"044e2daf937c0d8373f2e914",787488200.279067
"77668d4325802de9d63609a9",690288471.606145
"a85ba83751915d8d5d1a0e09",746204059.238651
"429460d5f5c5381e945cf449",747796739.880321
"a53dc5c58f7384729ba37a21",635510332.748808
"a4dba76865fbd14aa19c0286",679340111.388401
"7573c18a79e5e3ee0610d7cc",670825600.977742
"f13f72c1cb469db92b25c2fb",810480015.479306
"45dd7eee4488e88d71d46783",715042306.938141
"dd4fd04b9fd80818bd543f9d",493577106.74036
"500a3c5953f89b431184fead",517147378.851665
"d2e737461b916ba78030c76f",698283243.469911
"e1e69b5a90431b8a44265487",587135887.155441
"49cc8164d94a2afe8b750af4",585938009.772553
"e9b054016b281140d2566d88",1284801650.66738
"32161228e9c502d2c21beaa3",454662590.273832
"9017accdd4fe3229fc45280b",433022934.199235
"17fed4a312a9b773f64861d3",512123133.582294
"8632f5681d04d9c934675409",732727706.876186
"8356123e4d10a479a12e98bb",583288763.249747
"70463649ffbda5fdf3c10ec8",684016032.625858
"1414ec3cdd3f6ab772fc7584",571022973.296071
"937708417ef2642b7d05abad",672472937.382789
"afbe90d764c1821cdb26e38a",577219347.000325
"14331a3db021936067b15890",544564903.318862
"793efc460dd25b67c644e92f",677486917.89928
"0a9e4dd0eec86037a36fe769",761651049.01899
"e5168779de76d99010e37c7c",697851693.927047
"016dd08801ad1a1e7f6e695b",703135257.804999
"ce509ce153f452ff8a997538",794688872.218567
"66d8ce8e6aad18a4963275fc",762182867.041917
"8398e3b96d1311c7264f6603",822935406.003934
"e9081115ab418ef1031326c3",632492545.546156
"5c8240a1ebf6138f81dac715",680261954.930168
"18cb1adb2078fef29a613a96",739252978.929759
"4167fdc804227ed43224a32c",757061619.984829
"b5d0ae257748ea92c47d8fc2",656256652.222853
"1d17f0ff708e6f0b93a990ec",841668908.224829
"764f506bb2aa1ac4de918a71",713706441.093191
"7a861f1e3af4dbbf55b2c301",558730636.742407
"1562a23a312478d7a05a33dd",456198135.317522
"0a040fd24e23a77f0c58495c",632713396.071429
"7f0f5931fe148f6187ebf512",359549864.98116
"9fcdcb2be94744d00e734a3a",848917788.347843
"f181f74e96a93820a23bc0a0",558613572.956561
"5193b43c32a2bfb3aac6b2af",753926627.454932
"6cc7718e834ba47a429d6874",621892832.763368
"b8d06f4ce0d6e71ba0fddc26",479370492.840665
"30a30e4ab286fd822c68ab5a",324365695.606761
"f99bdff027d28ceca0caacd1",381990650.252718
"f46f5e911c6c595efb5b7ab5",334753126.680196
"a7f0c831d82505044f370b1a",424053277.512315
"17069e9f4ba45c93738b109a",497827671.162011
"dd5c910c2a3d63b8fa92096f",410248285.759163
"a33329c9ed11ee8b87aad6b4",396850841.315361
"925b457b5df270a68b84753b",386775458.7458
"d206aafc71e8aec2afc3f8ee",389800714.379612
"f8232717e74332384075dde8",418153224.203935
"f60d9f0751a14efe41be383b",474249000.801996
"13adc7946bd4e6e3e4416e52",416868619.258223
"230cdc90e6c825d391d5025d",527119985.123381
"e98cb170e4383546988c6829",410248285.759163
"5bc46671989de2534553ae49",372229061.096547
"3b98c8e46cf8477a1968244f",403600992.063502
"f9f5fa4ad495197a5c9b492c",389822159.451654
"0bd42f8ee9d36dae4cf35886",377925849.755038
"567ca46ac91cc53e3b479547",429419381.015789
"f0ebddf2bd5aac661e4945ce",800941003.966389
"eee841bc785b1824b6419a73",549272501.070878
"004776514ad269b380581066",464239715.424134
"bd3edc7854cffd6b6debfb98",619654142.389203
"0b42bbe66e438fa81a2ff77a",609128554.997068
"a33bfa6cf99e26bd9c49f8d8",547919236.536479
"8b45db8a4f2c0f772c8d44cf",464707098.34846
"262b5b0bb408d7cf53073832",558950376.900395
"5844c83fecdf7e09b188c2f0",585284351.005816
"9cc3c05f0e81b8f6454b80ea",577779000.344825
"07c46b493733d74c4f384b79",521148086.614402
"932ce2fe93b8e1ec0e7bbc8f",532290447.037273
"559fabe06aaee537322d0af8",521405466.067652
"f4da2c8dd901cca9cdd51025",624884130.699461
"84eb4861db0816bc8722f379",547482779.307292
"d0dc69570223bce949a4c17e",604392706.688402
"abc2ff9d0e7848169fca170f",571809412.960966
"3e3880088f0df7c447e27840",449243555.950933
"3580dcbd0a6d7d6d3546dad6",456124814.065155
"f123231ff18912a3dfd7cae7",504238912.526703
"78a7eac41dd672cd1863e3b4",634108013.53078
"97def72de478566ad58020a3",576874983.98799
"e3e2e3080cc309d34014e8fd",552164751.62935
"71be583d473084bc0608d066",633132613.74647
"ac6a4c672dfbe20f5bafbd89",546858843.339275
"f4fc081a112f5ee1b3a09e70",592427490.59861
"d8add8f5e0aa562a63c894d7",451994141.369778
"88ab887e18e38d0b8315286e",536009367.626029
"07c8af84608e6c9206ad6961",552320469.885311
"2b352d996677e67156391e25",620160371.605473
"ced624c6debaa01c732e9f60",606798771.585195
"ef92f63b46f27ccd2151a21c",618038578.315858
"f4022026c279a9b77a894ee2",544470592.984363
"e2e2218086e6ef5377c01b68",584359558.196731
"4af83eb7718f5823ae69fe47",531459389.06364
"ee98e745afca6de4550fe570",546899487.401482
"bd1fda425d792fb0de7b4499",528156301.254784
"86b2d3ad1dacb372734f810e",449243555.950933
"98abd5139cc3ea136faf7c8c",513688083.934965
"4582ec985de48290c5f1f5e1",568835255.685855
"312a6b2a57dc6947f95213a5",619005066.947587
"86a47522586da2884181f128",621265908.747801
"b41edc115f6b439caf392941",496705651.913692
"fac682b61b813044a3e3ad01",523301624.053531
"63f4e57fb2cc22659e80d6fc",680429223.44681
"4310c7a552b20afd46f930d9",505726463.164236
"4f18341de355d2cf57a03983",499995640.540055
"a418dbb6d04e505c133c6c1c",783088779.228515
"afce1d7c5576dc49c80bdabf",700101271.489727
"5ec12159380f4d1a85e8b0ef",577779000.344825
"78d10967c36cbf346bd58f63",648632987.194753
"f995364cc33c431b3c93db45",540809530.058368
"99b31d0b5d5ab75a2653b1a1",577131276.915318
"42d42ad031a2c62be9b5cdca",546762153.637936
"73d09646de4e0ab46feaceba",455602827.128685
"bef4759bfc25c7d44a8112af",624754476.717688
"c038742e427830aef3ac1c17",503794820.733481
"e96a7f5424558193663ef6f4",540762108.554324
"1af243eb63d893b1251f44dd",618038578.315858
"a083fd17c5e7c9d33540b922",438093024.559208
"549024cda1c093c9f8bc2ea3",468366306.515281
"164cf5fb9a759f2e4be67b6e",441489968.16317
"65ff6cef76efb4c83ac0611e",592040967.834389
"784b1db005d39c2f57666efb",424255859.457727
"a2f06081983f748fcd74652d",596461382.804582
"66e4f010db2febff23b4a4f5",584038932.370212
"9702cf3039b86f97c003e20c",638270617.259596
"48de5d43e88caea594ccd27c",632853024.410108
"6732c28a236aa1ccc0cb2c86",610642893.471137
"8a1d1f70adbdeb233ed3ec3a",672428534.980728
"c775d4f60fea55d5511da4d4",671660638.402272
"1f4109e1a4b47a9b11c2c019",597095715.912903
"31ef69bed8e54b5e1fb245aa",598800491.547724
"882907ccf178b23a02ce262e",634386759.298984
"2868ac4225657a13f6149e6e",702211653.979242
"cf6f0a3cc030024f4e9ad06d",614275699.143068
"0a1cdd0d5c3c8b973ab1a98c",758124506.79522
"0d099b1e1a314dfd9aee5293",665059303.204327
"898d1eb301c92ab6603e0b81",737448313.418289
"9fdf7d85fc65849cda3afda7",614275699.143068
"f5ee97750fd4e04eafa9d1d7",692034563.289145
"ef9cf29f71434be184a4ebd9",496992126.411652
"e4559824c3390efd6282960a",792651220.112346
"f8dc73052c66ab334cb7be14",762715139.188559
"2e992370de3eed4ec1271589",696942714.806623
"e2bbe9221780d01a265e2ef4",680609448.861762
"b65a2a140ad5fc6e3e26b6e3",670018634.199445
"3dea0748459a295fcbd2f0b6",699640614.4191
"7a1cb1f751cd36bdb6412ba2",688076726.301241
"1381c0399ebbf19db3a11820",670018634.199445
"479b2c9c12602551bbd0212a",765684979.256776
"d463fae95232d30e0f78f93f",670018634.199445
"d0df2748d371d98d76408d66",694624550.30863
"9551dc6098b721dd495e5c57",853781211.371685
"fa736ec3f2f066cba4328908",678548843.121966
"37fc4ce5dfff7faba6bebf8c",712466738.807159
"f336d60e41c8bfee91d58728",692010328.343658
"65e1a61d984712e76829c821",678074198.435559
"65eaf65f8dccb8e49a93b753",754817702.443508
"36eb8139a5ca1b8459eb52c1",658029258.409021
"c357cc3d2f4b45ca3e1250d2",639879873.257656
"4b75f2b374e8674e8b55eceb",738518254.85638
"9c20784acde0823e9479be2f",956227121.403038
"0f2aa0d9fdcfe894caa8fddc",1020194867.48718
"23374ef76774d4f95f022473",760408260.812799
"4224e69acf9fb071d4cab498",833452831.323041
"a41d05f2ae3e022c16088bd0",760412119.222737
"9b30c679d7da9169580773a1",917200393.49093
"2795cdb2f4d568a782dcfc3f",759548098.411729
"5399af7ea98c97b5906efe1d",855128876.960108
"5e93ed2a9b36625c4450b5bd",744990609.909262
"d04d42ff91707e3957b4a29c",836608002.154693
"f32ea78bc5ea15d700d3c118",784181812.290363
"8ce2d6e505ad1da079f34a8d",739951971.396055
"014799b9ef7d5244fb6640ff",969733158.11775
"f50a72cfa82f3742189b7fc0",755373000.798024
"8876b38f90f5571639b7d879",754860656.086138
"239a2dd25f604c730136c720",723895336.05053
"db297b6ab332cbbba338e7a0",834509897.153021
"5aaed76349fc95f6c12ced7b",747756035.222992
"10c94f25ce3f7532bf4f3152",534625589.81535
"d0ac1f63c75987c92038bd30",737551266.098456
"db5ea791b33be91840a6d045",836729841.178026
"8627562772d9d63bac507fcd",844510309.014879
"b1ecdceb6ac00b6b047c241b",892600455.772483
"f499c1513abf0b05aa1f460e",604902487.579848
"0d8b0ca08838d1dac052d51c",667099917.753751
"c54a573c9aef013dfa2abeff",643536042.994655
"f02865ea64b156bf4cf4cfa4",513701014.315348
"087b564ba475edbea431d4e4",736094031.449547
"2d3236cf646f19a25932676a",643536042.994655
"68b547621c25c7418cfdf5dc",669734821.74046
"097a1a08a389439cc2c760f8",511419787.696513
"e9c905ff64c7e2f8c21b0a9c",390017514.992514
"464039bbcabc650d659f6683",460819978.042183
"93c24fa31fa780d28ecbc318",457713867.350574
"a73206cd21136b209f25c7cc",462540415.300738
"852a11f12646f0a1121824c2",595213922.936978
"61953f4c9bac7cac5ddda5d9",771306154.319866
"5a5377f2d087b7bb183783bb",684939581.651262
"0a85c354c48921e0ca202d15",803846138.057261
"12f9d50fad58e4e40a187d98",640064663.48847
"45ac018012e7dd91d41a5876",477318385.052028
"28f905e91295a47d106a3214",740993412.204447
"395e3718423aeac3d40494a7",533217754.187975
"1fd7e9b1e717578f751c21c7",849814411.239055
"e8bdc4a088a6b99a538a6f0a",434908036.241564
"45b894a8b028be29ed137f1e",884601875.183289
"f5c866d489889ab2f124799c",619013595.131064
"3d0de71d822da8a999bb6222",627918027.402214
"ecd0b4bfd66fe04c278dd4ae",558085637.603767
"9a61bfe6ba2b8364a92e5a97",749673904.725849
"e8b8d0c4cb87efc13344bcd2",758917938.400867
"1f39ea319382fb0e41ead713",760011454.690485
"d61700c4ecc128290bc42d3f",386580554.444946
"d87cbdc4896e0e0160999520",450158476.180381
"d1281c9f037ea5c4fa683b84",354994952.391103
"310e768d2e8836432f8b3e97",460592843.59705
"c5498cdddd7856e99d21f52b",480462451.099413
"d3169d4a467cb7eac41849ff",639486095.842976
"2eeb4b0d7afa57b63778b69f",810476459.298057
"7b3621124731bcd2e543562c",770686352.713573
"5703b4ab6e77d88f751bc6e7",796853155.056711
"2c567face144ca714454abf2",848850802.429662
"7169b5a3b9a796162de685cf",952974709.500939
"fd19e1b2e61f5efde879f6dd",1007407854.97417
"55f0e95dc857256aec65ec1a",850944309.745146
"ab03c034e2a420f395ca094a",455258877.631443
"ee3c0c7fe3fe73ad0449870c",817364627.089644
"e59afca092e0ddaf60c9419c",628133502.657751
"99e48a46a1a599471d3260e0",479879459.274107
"419398139a3aa2ca2be3f941",565429050.018588
"54c33befb89cc873771c3be6",807080196.366954
"cb29bd3ae3d5da88c99d3db5",660391073.593751
"24258361a4ba8f772a83ba7c",750674931.609422
"539c12d2fe8cbf950b75a0fd",588503742.367887
"7b81996f3abd287b50adf8da",623232226.505487
"0d9e73c14529fa3f1ec8a56f",540980535.719861
"dd178fd542fc716e32b4136a",601112891.031358
"9aad22f3d25e46538e1558fb",669862609.51109
"93df4118ec3536b312822d90",679343969.431534
"7c6319c04025c4ed6aa3f051",540980535.719861
"98e04fd660ca1276d1510a72",577116806.668272
"4a8eaccbde5a4a6747818d29",632449900.396481
"9f6ae3eaafbdfd8d5c0e64c8",639823882.912408
"5929c81cfde8ae068a8b822c",629659987.851147
"b94ea2b8b847a47140d04008",621455675.464489
"ac1b644a8d2ec042ca91f89c",517709015.546658
"8df9256029f526ca313202b7",530469293.877772
"e029511780468f4cfbd10d3e",522707511.791518
"0878fd8b66aeb22f6af2d7af",388980449.38687
"76258b7b7e8778cd60d3435a",555376741.053421
"d64a2ad3297e2fad8ce66197",393328409.998651
"8af6bb75c85a2789156b3696",504697699.230431
"40db880aba8951909e6e4ef6",695536777.887202
"c9e20cadac540faa59d9aa3f",408048106.898149
"7d5459e48101349c75d43aec",653299839.436835
"fb0664d59b6333ae1861f343",775355752.184519
"bc6b57600fa9edfe13fb3118",767069945.837634
"d309cdb5688ff7bdbb682d17",749439298.536274
"d17ba799e68d7775f2104b3a",495192409.640727
"2baa6afba131b74487c94d74",519076901.470617
"0b7c8732558fc04f4fc51ec1",494494327.58292
"0d8cda2859d9903f6202af54",600077022.147302
"0f2913c5aa681a2bd45a5484",776267159.691852
"de6010c57fe78d975be38c2b",309233463.693251
"54b474bc7cb126bfe8e6c144",661880067.204291
"b1dea7d384760535b770311a",579319908.987325
"9e90e02c8ed3ad137e4c3abc",636258340.06235
"b59711a5971a3b482db4d9f7",700830556.513234
"2c37a1280b18e095b43e19f5",783440876.066215
"fcd7c10d81aff25d9233214d",482423441.831968
"c3b8bbc492a7d7bdd63da22f",764037676.596175
"42aaf6521fdf1dc9bc50f88e",471019302.91585
"3c268e9119b8027f78f91954",672305431.964999
"c8d5a0e9614dcf96a500206f",480474227.229255
"6c778557da9b5d99f90b1238",767404434.047143
"4514844d15690b7331fdb6cb",706434670.229642
"d8e981acf77bb46a9dbd3109",690596834.959331
"b940ba03ea60d4cdc5d2d429",821436096.665316
"4fab4e66ead1948498d2a4dd",406601958.002142
"a5620899d410af623a3ff4a9",693909716.08919
"f45e3be8500d7bd91cc8855a",405268806.642755
"4b82eef445edeae7a55fd019",593354618.096373
"29881785ae39aec014c4982c",725193305.248908
"0d9f91cbcc9339146bf75bba",482671545.293507
"b839e76df5d73e7d53691707",683863729.855719
"7ac96f16bdc50ee7619f3548",680600051.828223
"a102a0a268840439c2c8f4c6",405332817.503163
"e1132006785632e4ec5deb02",587185969.206948
"a041ed3fc0b60fc4ce3cf847",633602920.16691
"84b758716f47bb0f4e4a2bed",476094202.517182
"84394774ab45e0c8b733bed2",621575424.91679
"2c1c91f2bb4d9dae38a44360",393328409.998651
"8ba9304ea7b8d2b071bb0699",706082101.596477
"9a76cc7c650230c670e703e7",372898998.076416
"9b0833992397c6e50b54715f",771743669.606606
"6f192e6a537c1509521e1e8a",781936529.800747
"d1668e2d35a939ed126a3f8e",1080734776.17097
"a17807447696896bb61ef8ab",947310754.544984
"d043d368d2584ae95ad3672c",728443251.268137
"7f2e3f2eb5abf86b56897250",699102944.680681
"fdb1cffa6b7346fde667d72c",408987399.936614
"58a3a9f44bc7846ae26413e5",530113364.580391
"af230af0c73a5f2b72787c1b",720742333.532566
"3cd5562115870363ed5d7558",598527147.461551
"cb9d8fe7c18dba6827836403",692857665.168738
"742fd57dd463c1b5cb79f63e",671500058.619953
"0d30768d188b6bb53d599ea1",768156094.063655
"c455b8a15dbfff94c2909f37",623821994.488461
"8541eec88f0dd8229b4fb041",476621963.011626
"54aad3aa4a166d2d50df48cb",719297681.500663
"eb9a59d4e85a3f124e866f47",746687936.914836
"d65946f9c27e417e6bc60057",431641140.268896
"dfbb0ed74ed85bd186f40ccc",476993027.046256
"84b05da6a859ff5384f37ee7",615207003.13141
"e2da7c1bb33be76b86b9a07a",696892348.738361
"456243bb3fab3e74df21b5a0",694544317.843569
"a947c2ea296f1da3d10b0a06",625283410.776945
"3929df6d73b3ba01bc018476",607405621.593935
"ce44699aeddaeb77f23c9b9c",770423949.736566
"3cd3537b5f9475657060cae8",631902135.603318
"4520ceed2e5fe3458850a805",770423949.736566
"00dea98fbfbfeae74c513bb6",741509678.056692
"16da41b1128c039ff8f83919",640119907.619502
"111d509185303ed970d710c7",692985929.069171
"83ad1ce7ef6d70842ec986f2",383770421.952018
"74f8ffe35e8d3bc9be725d7a",411383275.840293
"f5e7ab7c2edf566fa22501b9",651180351.280367
"2e1f3fb2323fa16150f8bc88",521222061.57831
"f8bf37a8f81a310e299385a5",539605232.495697
"7b71229680a50bc26677a427",612530089.477489
"1f7daef9ba898c4d8ac1c81b",524738715.0299
"415b68c7a5cfb073676c443b",461539771.319555
"856559e93205dd1561d8ada3",628391095.166255
"6d534e4baa1740d7839664eb",518137092.876652
"9ea78159ad117bd9c0b04291",705706527.141776
"38faca2d6e338d328428f986",449243555.950933
"fcc6c3c10bb52776accaf06f",595730240.196858
"9120f0e5a6f505a2553bfd58",648142067.903776
"583a8d8c5d7fa63125f62155",689804733.624614
"3d04304c8644c81114c36f98",513688083.934965
"21fcb5c7e497f0580b820379",653643223.745806
"6542b39cc8d2d13dc828772d",591769639.355133
"091f6342ad934f4e7f84045d",625490538.834659
"fe8305e287f6a8e7899c9459",529357167.627308
"d4492ffc4aaa4ca9c4dd2357",718619408.937216
"319b9accf9980ef2ef81099b",607087267.668424
"fa84c07cc90e2a2058b57c9e",438205855.236381
"c4749eb8f59cca469236df01",460170820.740066
"b8a5928cf1f7e704e9933bed",697015591.941034
"c2ffdd10fe424afa1b09f31d",463282071.609576
"f221dd5d745def063eeb7258",631948407.987362
"319ba1ec06c9b6ca6990f4c1",767280784.158597
"29e7796eabea247af4e8a0f7",554125952.058413
"ddbca69ad74877086c4110e6",695937595.883272
"c858f0f3f5594e7bb0f3b6a4",729443796.16953
"88ae3f4a8ef76675c66e925f",729078276.083539
"27e0810a702796d97878c34c",621651175.073409
"7450139ad1b39b2a380472fa",734546871.08597
"35ae7661d8191507cf9e7cdf",760351679.108075
"93b8ea95ca1c1ff3881d91d2",445726902.499343
"8e4709859d50a75dd08b03e5",690987826.958076
"7026113e0cd7b2d17f8a3459",699640614.4191
"9af956dd8d83bc715592b97a",501779298.974846
"df10ecb67d79e645f77a90a6",783571116.942585
"14feeb619f409386e6eaeda5",538681670.134036
"1a6b9a6d92ec5e905ac97cce",623233633.219895
"057585ba19d6144408d4e2da",484631054.625821
"72699647b590d11ed9b2f2e8",502016062.982313
"cbc99d6202cd3a31e1c14a16",861343518.260802
"ce1d63bc4411a615b816a76c",655534595.959698
"04f0fd25e2456759753bd2bc",627787134.455623
"8c0154eb5be437746213aec8",641726934.001686
"e23017438478050a655f6d67",784374980.243126
"8f0b6d6dd914911c7e90d302",756905343.998876
"4b38595746dcb78fbb459781",713001745.648645
"95aebb36dc0b4ea86db49492",837612957.749854
"f900f7a9c5e2ea51689e8992",765748812.717587
"3fa0d9e247f28968a5bf8476",630025746.637836
"1240f50cf2d8ef1d8713e671",592040967.834389
"14a55e5887af840860b41ddf",501480418.016568
"3ffefb3f453c54585fa6ef22",767404434.047143
"c3b357d17afd631df02dc39a",739296741.872306
"a15aced0fffc97e219f99545",474920456.742122
"cf707785919dbb92cfc7b5f6",812390504.304321
"70ebbf6a402f0f707b893979",585876829.320207
"aefb3cb6ad2de9ffa90b9534",578259519.230171
"b2809471a0164e3d41b8fa60",827483133.812217
"6d11001f164d81734a82ec1d",603541627.998832
"ad71acd782a4fce4d9af04be",613228825.778957
"ca86f53a857c23b15eef428a",654667708.255362
"580452a616b4f5170eb628d0",634258057.920446
"7dc609a3c7a3ab1f9a3146e6",688383428.127675
"e8fc9a1fd4b39f946b914398",744039234.10217
"0d3bc6532812ea618d154bdc",758968048.456288
"1ee436f045a0662037f9d2cf",805801616.774253
"8697b1d337145af0ef8e4619",765770255.061723
"9a08127164a0bb61cefb3680",496464137.078678
"e08e1f260e5c3231c49e5a96",592847065.510257
"b96502e30fecdfae7796f1d6",591469385.438803
"a0b178016cd26a1d2072e7fc",460115955.884758
"5e3d7da3cfe55ad1fe609579",459620040.536831
"30f77637dd52e728efaddd6d",623552970.065541
"2202c5c9a16b771d1e242c18",754845158.048495
"3dc8277f29d0a2406fa25ce1",761445538.857788
"a0f86ac00934b57d85b44dde",774265436.63976
"9168a08b1fac4c5448626ff0",659300151.848921
"cec8daf847f52cb2845a9f58",791191247.819785
"ab7559b75b340275587e50b7",803222233.219964
"a392f7f9ace844d712ab2b4a",622561387.592412
"dd21c6799a32ce6ef27f5281",432746427.850862
"275ec6bd936600c7eceac599",771037017.718792
"978195f1745ab7e3d69e1f50",797455017.63642
"0e3f82238c54e85ca4229977",684016032.625858
"bc168cfefe964762cdf8755b",768748517.643477
"d22d5776b6305308c9e774d7",652503649.320563
"94d3fe901550dd4ba77ffbaf",758095909.283324
"63717ed97f95e32b2ca321f3",779440114.79444
"a7df0496d6ce217fadfad10d",789432489.838746
"51a696388218fc2e412f8806",774239368.100628
"a918c218ff761315988c6335",794688872.218567
"d3609eabe59175fcb4441ac2",820399134.227513
"8af2e264b801b3e155e52be8",855044099.697617
"76e4ebad138d50c690f0aec1",542698389.705088
"9a9553eb431458a3e30fc672",579811484.738712
"117f37774a78d65f9e68f906",506927547.972529
"0c8b133effcdbcd49d52add5",771183190.517087
"5e8b2528c1c0a5c12a476919",759101981.74079
"38d6842c2807d54f386bdb5c",746251617.634835
"55f747145222c070fdd50175",653873581.981004
"ca7d715827b39c417e5b75ad",761731891.94904
"b219848e66fb065d4d2441bc",776845351.99513
"a04d3f4eb8810a346fd29ab5",760011454.690485
"0b06da0ceff947975cf8951e",823712287.700439
"3f35c44229ba13940d8a705d",817798343.65886
"8bdebb8914fbcaad625b1764",450158476.180381
"f4635193372f669612744011",730909442.790622
"611a369172eb6e3e2e4bdbfb",780456761.65049
"6689af92cae5d7c9c3e2f215",811122706.677751
"e382002b0685aabb01891743",662107972.576881
"edbb6dd10f8c9e7596368225",647257494.784315
"89b0592a715c9e135967f947",770782808.432978
"a67c6f6400a176e0a07d6772",642144341.689522
"5c6e6dae74e39d33621c7119",585259292.96769
"0e1c100d8e57de8296363d6f",606704928.970868
"e2e639b53456889ab5350ba0",452096249.591785
"93acd9176ff299221e0d2152",639223819.177804
"cb482d76b3b4904c595f2dc1",514106350.297477
"a0e15809e0a284fde27b16ee",888664368.795467
"9a958690c3947f5a8f05cc80",594964548.213295
"889bd77c8271961a6e4925ea",648791686.234061
"dc082fe46a714afd43b9dc19",525171001.113277
"99f8eedcdc31cc0ff6fda7a6",548905487.991895
"dfa744f733abef97d82dbb32",610187242.12065
"d50b80d68eb3b928e4bb4317",441005851.829191
"a58acad50184e66794d8d704",647280968.414988
"52871480f7bdf5ac3d785630",772314533.846102
"8b083d7ac086f52fd2942a82",611774048.687505
"301ce25214ddb4b5144373ef",747289066.588088
"6d76a22793aa9b571da64572",779439686.489147
"d7c48db0385bdbf7ecb7088f",945697721.226517
"874e2c6f3e9f90db80d243d0",482351822.87437
"249667af8d0835c9830e2b37",592977190.462738
"75d3c9e0da9a24f4849f2078",700012946.989553
"9e45b127ea0303f973bac9d1",555120728.423289
"daa0be53e7a1d7ff76f32955",684450349.744648
"bf7463534babd284da6ca671",501480418.016568
"0283890ab76b10547b27e634",818183219.96663
"5fd213a5236154ae5206c372",759022692.934142
"317e95fad7d399673719537e",676377827.760881
"fb14ddcaa459b49a3b30eb3a",762643707.136501
"4cb5e4aa83c476a5b71d77ce",736921379.962824
"f54d358d26af89636906f686",727975101.904791
"f002603a6990ec405d82cc47",807080196.366954
"e3b7dc4e8990f3cd436bf738",569066963.326308
"97c799300453ab511bd06361",627373277.051518
"3c1ee7e502c6bfb20873b47c",581606341.997934
"cf7741583fc5315ba70b70f1",716781333.363418
"36a0a1f0432c954604825b6e",591258131.394336
"9836bf9b64f27104c7863b79",592353384.161154
"68a3f9ac977f56cd39a6a1b9",745049124.908456
"b676ed2d0af6807cc2b28ac8",838614769.251765
"430112bf4fa9324f0149a879",470539299.434069
"fa00e05d83ee890a38c3a686",651389295.66789
"7d503f126b5863fa0626d4bb",580275061.925564
"ec03a01c961659f2cfd9c973",618116183.989723
"6a112af84d5a81f3d16dfc32",990591050.133799
"4c5d3dd8802acb9ee22ab912",602751019.409762
"d029158b36963961fdcc3974",656697939.680076
"c2071e85fbffa3d2c2168319",671583486.238989
"60a04215bee81d26f20cf0c3",620869953.462972
"6d4a961e099de1939adc6496",829948320.937615
"2383b8bc2cd3d307caba34ba",493454467.024734
"d9357452fcd193b6c5284bc8",641875749.722299
"863f8f2aeda01a9fea1cb3e0",773332242.753688
"d1a6132098a4bd640321c7d3",454134941.5415
"6edd2530070918074c8e7d07",719793330.306841
"1cfe7df5431f3dc6a9289551",752816274.675781
"c617d1f15d294f0b0aea8ed8",630136931.895173
"bbdd78a7ed332e679c8e526b",418039829.617486
"45969f25857aa7263927b400",719552985.1832
"cdacddfdb6ce41a3eb752496",546889887.148135
"3f87d08afecc4aba03587848",746052666.253604
"f21d2c0802e3858d493c1984",709661959.32253
"660f3f9ed9a72d8875a9efcd",711379496.975678
"04e29dbe2175919265c82463",766379171.861345
"e4082fa99f92fc7a89092fff",687752505.294501
"05402dd344c77623fa053ffa",625110767.170396
"c5f7f0323f554a7419f78359",698484223.511997
"501193fb57014ffbd7bf218f",638048578.675164
"0922cc27581d9058e55a2239",504225345.915976
"4dcaaac494053749f30875fa",776671422.29334
"506763d35b04358fb0e967ff",674542373.564204
"8c40078231bf7af2f3a06457",591672658.897401
"53e14e867f8b02c6043ae02a",570986293.511837
"2364014bfd851a68a824d1da",771539728.290867
"f788ac4a8b2a6dc11c458c90",662328757.394845
"093c849ad2bea8292c4d15f9",831885222.503129
"71a8b68f38fccf71a229df76",451194644.544601
"ebacfa0a8e569ab603cccd11",511419787.696513
"c963faee3ac527dfab08f61c",806281873.871188
"ce3deac5963eeb96826c14f1",711109251.183681
"5607cef08511dbbf3288a5bd",541723477.947012
"8a9e6d0839f9fabad2fc3214",626841949.620713
"ff03a8cc833d067d439b9903",701426314.535061
"d3e119e8fa4d96abaa8c43c2",698484223.511997
"25b893f6073bd66258a9cf03",612552382.527313
"0d70ceba3aea278cb4a2082a",778736819.713056
"07f9017eb4b8c169eb9de536",830965092.417675
"7cad62cfb4fc3ad9acb09f1f",567811667.744046
"41d174db6f695472063ceef3",546285966.620629
"4ecf579a5d5e70d3b4314ef7",787301211.24184
"41df29e27c0bbb52aa8ffe49",651028080.063024
"cd77cb445eb0f72df89b9fb7",545942332.339907
"65766c8572b629744f00b45c",632017351.548689
"946eb4523f76bb23d0348309",603642873.248251
"453202a234f5b370ae9e586f",501870892.36345
"4e1b5798dcbed1842f260b17",693491522.67868
"f1cb3c0b97ae1c6819fb86e0",620211021.81016
"24a89527a6744456750baf54",565282494.813661
"a281d59b685eda4978e0c84c",618445766.799094
"6cc9d912370da36c38ac2cbc",623422202.832672
"10563c278e7ce8eb2066d398",699397838.961796
"a1b0b8d18cd78b7cd555dd55",598417352.116263
"3cf9282136fad24af0f7ebb1",676711336.33197
"077659c14c3cebbe192f8247",700120080.366546
"c372834e8e7a4279f861aa4c",470790807.541662
"29daf0d5008fa9e3f0f30132",413376053.850044
"08e1ad8d1f0be0287a395ef6",474017382.651681
"19c07fc2b01a0edec4784e64",599368446.955902
"c2b5216a8050ea0fe4008f59",767846443.633407
"29cc054742b256e6fbc6da1c",719438907.417719
"755a3e09dba04bb6ba6c9851",694833901.434137
"c98157c582392cb895071f28",673203466.853745
"84f47e531a916b7f7dc1f1b3",671095075.940108
"231688922448e4d64622120e",540320627.757146
"9c7c68df14c238ce0b497dd2",643601443.533698
"d5e29042106130114cf3694c",490618613.008339
"08d4fa42a34c74c94db5080b",742701155.337059
"e89fbcbd4d3414e30c30fc29",627398607.986255
"22af7bb676cb4c9ffe014506",520303237.058736
"b20d6ca58e91ae70b6e0a1a5",854494358.348438
"5c372bd1e01f3243256e27ca",520303237.058736
"1242d7e61857ba8ad285b6f4",768750394.62886
"196ac46f656726bcb8087ba9",830063552.49141
"ae513b65e06b69e1ff2ad8ec",417567601.566773
"bb26b45df6a70b6414958912",417567601.566773
"9425283b41165156aacfd43b",495689753.83444
"689b510fa99bda54284cfe7e",754971053.876946
"c57d333e383039db0fcd2620",780828693.379872
"86e98ed0bd2565b661b81ef4",630227758.423522
"0e694269bbff1e45395190d6",666737633.890683
"6511180e3128e083bbbb6940",675873715.601353
"59b271bf9e2d29ed35352f5e",417567601.566773
"a4c324b1353d2f7ea3ae9727",417567601.566773
"193ff8d291a9f163a4f3301b",631584574.778987
"8ee4a7cef562d388b8444c29",417567601.566773
"53bdf5c3cd800459acca551c",646418947.46992
"35ef99962cd5984ca87bd326",636895100.903291
"dc33d5ffcd2aa2b7d56d2ad3",706156007.969915
"05c47739fa4c4f00285a2c48",756575675.308179
"a51d415712d8d6c8add7009b",687314768.241555
"71493c81121558b8ba18c1c8",417567601.566773
"853a14b680761098d4bf6136",633910825.470685
"c9d5c08973c493f3acdef892",391232215.260063
"7dcbeb0aef2e2cac0d73315a",542698389.705088
"ae5a4da0000f79f12142e2a7",605727662.886195
"1f6050fd5261a2d21d5a178e",456612828.710276
"e3f39c6e4a41fbdc4bc30e0f",578175065.19279
"9d157878dbb41c14b52a956f",453253057.40996
"e1fdbdecc84b991f582a2e00",715035118.094736
"3a26efe201689493724ba464",591469385.438803
"6670cde3fbc11c263c6c3163",714010040.852015
"780ae52ac9eae675f6fdb312",575054837.440099
"24f22d76b86498d5c3563288",631346368.075569
"fda25a0b6b9f62f92e3ea6b8",635315902.026491
"678ba0c80536dd27e385b31f",482315853.042356
"ba0d0663943a118228fd12bf",589592471.176833
"81ba4b47e9222c15c4102992",600077022.147302
"d9ec26c1c3e1811e38f070b2",485111737.356463
"aa850af0c6203104e6ed02fa",457149017.399712
"c697ec00214cad882d5e9812",577779000.344825
"4b193d78ea6e3740bf37b36a",617249126.056697
"08c61259a756e617d976e8b8",654557442.610191
"c1c1dc8df6996a94ef3c7d33",539996525.754062
"3fdfa23ac43d1df0503ccf1e",625320739.021762
"bd4526ea5b404df442892788",681828865.921516
"1062419f9cf94418ba88b6b8",594626830.058478
"1102f91444b8e1abb636f1bc",742752419.246462
"b96b4bf38bdbd61d4dd0bde5",746251617.634835
"45ee2db87e9ca0a1a9faf050",751725815.736426
"556cb23459a9007127b3ad46",739296741.872306
"a613b18945052b4576595c4c",632886254.909836
"fce385656705a8f4389cbb6a",653873581.981004
"bdac560af3e155db33d13d57",771306154.319866
"fedc2418db2353b7c97a260d",746623955.337395
"4565bcc95c54bf0c8d376eb0",799477668.064358
"5fc559104e0ba1112ce00f5d",643846232.394293
"74fdeb4c56b29662f13aa8ca",740131882.83995
"fbaf74ce4c2c6e88950d3fdb",764037676.596175
"5de0f045039122af0052c544",739296741.872306
"e18337bbdfb106a3f1739960",639416349.928975
"e1b9ae3e0ce3da16f18e1079",762432215.996377
"a57435d71ccc5f032baee302",768279231.984376
"fc5e8e45dd0a338ab5835428",613801293.207775
"918bec54bd7587daafff66e9",710138164.417655
"86137b9624049333f7e0315a",600487540.599491
"0fca6767d8f442da1f8bc6d2",697937870.606169
"3ea5478270517f299b20bd06",698996935.929466
"dfff73eccd591bb26453eec5",658831298.300513
"e2dad5c148ecc797018439b3",697355130.400919
"b5a62d480bc544f891fd8521",713031326.978909
"cb09a84a1d7b929607d01ee5",611349328.935859
"af067a8546e1177eefe24916",671383502.206349
"d6f9abcb58befa3d05373a72",685881495.554193
"ec2f16aabd36fd9ee2203276",778369974.087527
"dcafab7adc7b763bb934496b",754124257.013114
"ede43dcb1715b959ba34a37d",667259982.298901
"40dd67aeb6e9979211c9345d",793541935.109713
"31f630c44db4be5360a57640",758968048.456288
"ee8651631861c1b94283a953",839997437.542236
"b7d245742eef110adc91b5fa",748919077.520155
"ffc49242bb0edf3e22076501",831823712.728562
"5c5963c17bafef1a1bfd5e03",672472937.382789
"6c589b7e6a3cfad34e98bd87",789306305.426542
"71ab3644da08b8cb0a0b34b3",741790035.186357
"aa668782ae5d0c16e57193fe",774388383.955309
"46673c69814a0b3f25818dee",744445836.16118
"b2a417a8d2440f9124fd2ee8",803648605.469698
"3e0ccd899ad73579898fe73c",738441639.914533
"e6f2c7d7317fd433e26878e4",756473096.545853
"2d91b3a8c62b890fd246183c",806658238.951307
"fa653848d69ce620a41a73ac",843123894.4684
"3b6c94e3e3684eac73b3e7f6",884601875.183289
"a6a07d35b3834bc6f81beb6d",745417928.001771
"a39617b7adfeb6ae7d5ee5f0",666006338.193035
"95e5e774dac6f0159e8afc0d",667297367.92443
"995362e3fea8e54538ac135c",449376728.309447
"42525c57e13abbfafe9bb395",793193119.734858
"1ae6fd60628e7d186a5e0174",596316284.656733
"082293a465231208059c5d53",596316284.656733
"732615f6d1526ec9bd519eda",474942900.399169
"99e9c4f8fd7fb7929da10a20",528362029.605567
"1a75e436fc23e7f48e639b9c",475515940.555362
"54cdeb67ca9ea56205e4e533",675435206.938424
"c412ab869616d6576cbb8309",831003539.023031
"b17840ce59c9d9619b46534d",600381373.336684
"a14f071d8e5c338d9ebed23c",377759271.316323
"84d8504f0e860b0760c3592d",713163122.008413
"a3d03a25f84f4d50d2a308b0",471019302.91585
"bcdcce01d86d648c4502d42f",474017382.651681
"33379968a83c8a90c23e77dc",495689753.83444
"ecc36a3a4610829ee3f88993",417567601.566773
"f4eca80958b7a22922b0efa1",417567601.566773
"3b4ce006ef95420847da20b9",417567601.566773
"4fb644a95cc04f7bc6cda786",417567601.566773
"f8fad48343ee5134dbae918f",417567601.566773
"6e8e08e09da8dc598b8a8b2b",417567601.566773
"56ff1f7e81fda0c8491c354d",417567601.566773
"444f102b4d54503044154ff5",417567601.566773
"e0eae2174807cc7ada38c726",470539299.434069
"afde90f91b01b0282bb94335",493454467.024734
"1d35c364daa0f021ef263c60",418039829.617486
"8c47395a28f8177923d7b75b",541012962.136142
"98c98982020ba42198aeb45d",626841949.620713
"ff424474d2d10a2c2a1c1892",546889887.148135
"971a322e9087b67650689ea0",709661959.32253
"45a7517c4d29f5bc7787dedf",620869953.462972
"74a51274abc8358d628ecfe4",602751019.409762
"11dc32d92ac579720303c019",623778858.810865
"4c25d939eb3ec218403dc4ce",651389295.66789
"55597a7b8637f24198415ed8",630227758.423522
"eb7173223a27076d16b87f33",638048578.675164
"709d17b62bc95253601f243c",656697939.680076
"fdcf0e439ae8b2ff5730680d",625110767.170396
"2524e62e917e8a1aec5c9c26",651028080.063024
"ba601c13d20602c988d57246",627398607.986255
"397a7d1cfb809e34797f2bb4",662328757.394845
"b54d3ce25f3f03cf3fa0127f",570986293.511837
"d51bcf03d649839ca803c357",635818094.394766
"e9fac47a0f02f27abc96d568",762237587.420669
"a52bd93aa6b0d965914f1101",719793330.306841
"16601a92574531c1fd57a359",706156007.969915
"0e64230b70f4a227b444115e",766379171.861345
"ba2118c330e19baf4f3ecf94",736921379.962824
"055e29f236bb61603d4ce9eb",598417352.116263
"7c5c0f2d9a0e355069fe1c64",698484223.511997
"e781547cf6f8cb4ec0742b5c",676711336.33197
"8caab74ced535ec5e75acdfd",646418947.46992
"9d64345229b60ad1853d94ce",636895100.903291
"d128186867f91603af4fa481",701426314.535061
"f8fb6d1b0dafc28920393dab",701426314.535061
"33b92225cef255b0e4b4edf9",795355101.039894
"7eb78d4dea434674a230caa6",699397838.961796
"833bd3c8ef9d4da2f304a94a",778736819.713056
"331f0957d55d7f03df7fdc4b",768750394.62886
"cee124f4b9031f59c4fbef47",654994815.276464
"8a9663cb622a55f2a1a8e3b4",643601443.533698
"25d4a0ec9301ba5d53deb780",630136931.895173
"38d4b1837c595b6d9a23e994",776671422.29334
"a21923caba05da05449d60f6",711379496.975678
"63cff4b5ebb2b6528ad34cd6",676377827.760881
"948c392520e1cb3a030ce86c",771539728.290867
"b2e7fd7bcd93309664cd225e",687314768.241555
"9d6be7123f2c6e610971374e",641875749.722299
"3676e34e4824101f3fd9aa2c",674542373.564204
"f849ad486e84a82190675b89",754971053.876946
"2fb8b2990751692b8ef1ab6e",698484223.511997
"5155f70c7f8978e487e71479",719552985.1832
"4f076c220dad47bd9bf248a6",780828693.379872
"480041bbef3a540df2a36ea2",669389477.298839
"4ca66e564ed478d06c471357",671583486.238989
"454e4126257189bcce9b681b",797289220.727795
"10ce9c7a0a58aad19778e5f2",990591050.133799
"dfe8e2542755d41d920e28b8",549680267.551298
"5115b0da9c95559dcee9e58d",690264781.210367
"8a0053376ffdc75d0bdde77a",798043486.957585
"5688288ee38f1a69894ac77a",659146648.599585
"1fe514ada76363511cc79105",643256941.954754
"885a312d9a5bfa8a8db5279a",618728083.758757
"c716d4dfb5a3c2e1120bd84f",561337233.699687
"689aafdc12fd1610c2393a6c",656340869.529027
"c0c4ecc8d3aefc53c4c06a38",831885222.503129
"30091c32a5046d563597bbf4",492701474.128643
"2e58c9b6fbe9c57c83bc0aed",560297168.388871
"3f7c5d8304fc650bf97247ee",693635662.9994
"56334a9db3ccc24faf138edf",716239063.002682
"6d0680692396c07afc1a260c",672565212.263052
"9e07dd563b6ff4572f5d9031",649072391.805336
"1278c9fd86258bcb435e7127",659899089.242306
"acf0f98cd8f8c8ce06f30ab9",818934811.792473
"5e3785bd517f4faa2bcf43d6",704681743.468687
"cfc61dd41ee5f5dcb76bacfc",569652383.651849
"2f171883b97d9c02b90f93a9",387913372.190448
"46aa67b5e0abe39dae442d76",387913372.190448
"50cb49d65d04a5d166f96e3c",389769843.030668
"06c1673c4a7444e7aa80abb7",458274797.872789
"53881f29c7a6bef0ab537466",506458743.326417
"2b028932adc74c961170a4ce",460795871.193521
"f3a1bbe01d265470a2d7332a",487556606.334485
"b42d5b5b38686929eadd56d9",455383737.443884
"bafc63f23f097c24d36c76fd",537386884.156324
"f164514211012e3a1686b148",598199422.398091
"82b90288bffe8c1c0b5a1259",563051765.413452
"2fe64bad1bc8a43fedfe0700",737923655.22272
"da5b958667b31f4f9a1d84a9",649537029.870222
"b3bc9a04a3ebc1b911326735",638709214.146471
"9ff3acb07666d53f00d1f1db",603786816.242882
"13a44ce5066ce00846b59ae3",599239088.434599
"bb45c98dbab56e5abe20ac0d",594102026.089525
"f88bade1cb7ee0fa643f31ad",628772505.893666
"e9ab6916a79b4d5182d33bf5",599239088.434599
"144162ecfcba71bf09048dae",680161730.317046
"19466034c2ce19c24a179fe6",770210779.564152
"3787f6da3e961c0e10d30e6d",702743151.254778
"908330b0d2651093c0bb6719",705434728.819382
"66b7baef9c6c3c7ad24636e1",742752419.246462
"69cb0f3d422c2c78373c2e0c",1021530885.19526
"1e866483995b30ec7f79d9e8",767725682.001027
"866f2a55f42cf30c4105631b",767725682.001027
"fede7e1a7a6f23338af6f40e",702743151.254778
"7447156f2967391975d335f0",770210779.564152
"08451af5a81fd6a63c4012cd",700285180.681307
"f63608198bfcc858abe1ab0a",676003405.300251
"e9a0dff7ae48bd3fa2ecfcfc",705362962.581021
"cc97f62e2fb9d3e31ef1c00f",663943060.769309
"ed40f198ace8a4405cce7a1a",1325576211.21083
"bf17b59bf2ac2d06894bd786",649946139.656838
"e118b149654cca1c0b3a58a2",817798343.65886
"7f9bdd2157f6c3d488c77ddf",829045227.311975
"9350225547486ad75c0b5ab3",746751217.708907
"d1166776fca47427c77fa8e1",764105856.860968
"f719b387fac4f688b57dc646",936296322.621874
"6ce8991a39ec7b9883f85000",922744446.713842
"353743db4334fee80ac08d0b",946850507.293968
"372a3934e8179422b5cf5729",872254637.710694
"81516aa72c98ded9223db098",849426908.036378
"9e80db4c35139bbb18775644",704602080.335153
"12ed2c22a923c840ef616a3c",688961319.67897
"7bc57b136bcec053cbd073f3",757719594.087901
"77a06084509952c6cfe8f501",593347168.595919
"73578b4214e2eca83b1e70ac",611642403.289482
"527e571030a7d8fbbf1a41c4",613596972.07949
"961baf163a07179bceba67a2",621745864.260904
"76b41682fa6953a3b20d3f27",626803390.92695
"cceb25e83ecf22252aa92d2e",623887917.246173
"210ff5d4404ee8578a5ecf9f",697255423.099092
"398274b1c46fd88151420c6e",518787645.36297
"5b328b80dd844db2e946302b",399062571.392285
"4195fdfe50e42e9981fa2f4f",435393754.342335
"2d4031f171f965d7dbce0ef6",631246370.240409
"fc1b713d5605b0030421d5a2",619619946.199798
"cf6092df1f22a7c4b8ff9d50",661492373.913806
"8dbdd7c8971a514eb7cb4d3f",664351474.210469
"c197faa8bdbd51c075a6d3bc",626842819.40949
"1985a2a5c3b2b0c7eca22afe",798164938.239387
"92a1a8b617b6d2c3669167a6",799904866.442101
"2a330fdcebb247d6a6fdea23",697066575.274616
"c3dd975d0aed59a65a784e47",633159795.000198
"608a2339d558a6cea9478756",856358067.82023
"c0ccf6d535d1316e37e1024e",832140361.151673
"229a7640d41a8b8d6d2f8f83",737033950.356972
"e3950ce025371da2b4ad9db6",757280219.155524
"a7e41393473834db30f2c1da",887444127.033254
"7dcd1597e11f83093cbfd7a5",838614769.251765
"71235a69058912dec1d355a0",872427269.252175
"349602317da0e456d88fe24f",671958201.346059
"ddccad3e5a4eaf791ce3a7c9",511500096.850284
"776d7d1326576f07762ab3c7",673394609.293562
"1b88c06bb3c1bc2bb39d1b86",628693342.251618
"1c5c4f4c731545aa3388c554",513699644.06221
"aaa67089a753d255215c15be",604625383.445999
"d6d5717a4b7e2edaef162b6a",571022973.296071
"0ba20e953e8e76add161cd6c",408048106.898149
"13c39860029403ea94b5439a",765770255.061723
"d5436eeef04e1a8e51a38912",491442126.878907
"21f00ad1214253dd5bb97817",689707141.389664
"5a3119efc021fd0f102ab958",572138925.780212
"331c515e7f0dbb4460810999",592989022.234619
"9e360588b18cb15aec3b6609",587824665.044251
"a7cc7d2ceedf4d69664dc734",585259706.694729
"4e78cffaea2008f3919ba0ae",590557048.631328
"452e0518f7164287e47e6354",577956675.184454
"74286242739391c4eaecefbe",585987874.32877
"df06b65985649c7107b794a4",714350186.247908
"b6a21387674a509514fa5518",749349952.828683
"6752fcf8f1af18d61124e32c",804903499.198023
"a7e40088cf53acfc65f4b3f5",621781125.699596
"61b9307a25be3119effbd0d2",400838543.472664
"3061729865dd2d68858600b1",459919620.242039
"ad38d5660b6f1eef23b76039",432865656.315814
"1d493f3954b15e84c41afc82",406277602.838719
"57744cb947a923584fc6bcc4",499775034.930147
"16f60cac352cc0d668d226d0",384088620.618684
"accf7bdeeff29ec7a209c509",403187228.947157
"a694b9ab05641a6325764e63",529573426.120862
"bdeddd3f84cb0ffdd1fc27bd",461162724.536974
"de9ab30042562789601833f6",484067822.913124
"1a95522f43288e32addff2ba",638527665.490798
"3cc722d5c764ac261611c2b0",499028999.16676
"aba85a8a7ea2def1fdd18587",838954839.023921
"b272c1025cf5c1e1df47042c",555117440.536926
"5c449356b8b2d7e0928cce59",679412677.909111
"a56d3b5bc13c9849cf676750",718153577.736045
"942c934c0d41ab822d60c795",460636272.436863
"b0fe09d086490092f1690fc2",566960146.250684
"7abc8a11d3d6c905de3f567e",552434108.740301
"16716773b2a43df0332622bb",638020899.269436
"98fdd3fc6c9447d0f05eb1c0",624654602.408971
"a59f39373ee368259b441de6",571509971.755115
"cb778195c5d61a7c4185424c",596645024.852589
"c0277899d5f185cc78fc4a79",607983533.726656
"44effc9574c74ea4ad98ede4",719163165.163988
"e2d00e4fd93a02ea81895355",665501644.263403
"ab405cd390c0681c3c67836e",696146865.108797
"86db204f7ef6e0e0e6687246",682192408.234633
"97b791fd94b2339ba115a75a",614256172.48347
"3897d9b5fe3a0cfaed7c18a6",619693615.23032
"ce206b82f2de3793156baadd",658796666.793027
"2c924b9d45667f7168bae6ee",612787455.290027
"358eb586d9649d20dca9bfcd",687208721.591775
"71b1fe15c5bffb750c99f648",615750735.31493
"eca500b92ff96f10ccd45e54",616998004.710619
"7b63445c5e1ce95bd12c31ee",760671025.253096
"97d64459dfb368b1f6067ab2",699112322.505294
"1b09874d5a3e4c9e0d544198",683321837.174409
"54fb79bb019bfd10e5481ec9",669768804.830153
"b3b63d292523ce0a925b871c",687689910.44479
"09759befd8899fc1e359935f",760617585.082926
"62e0110b1c8dda16cc7da89c",736896529.586969
"d98ba43504fb49a4f0bd9c05",766815641.909558
"48815b454dfb64fe60e2cde4",681291162.775475
"40a65310ce666e80a9611d4c",646815508.922737
"a8c5674b5d110d99a1e097af",825943537.299512
"ee9e7dcede0ffc20442b4407",787916949.596278
"9e858250fcb7320b65bed9c7",765478926.871526
"bc76b078832a3a81b6d637f8",823617230.235902
"b06d3ee14ccf3d46fe2431fb",681455197.594213
"87332a7e03cb851342667b98",742979637.465401
"faa37a79a1d72e4b8b0c80a6",742979637.465401
"0821109831351eb2501e362b",741519239.929067
"8d01d6561223272181235c69",964209353.718967
"a0f1c94cd34fcba92f59a59a",924143133.511083
"f6a5c88d1bca87c1e89d8084",745082436.035284
"55118881731616058c929b1a",941767995.993969
"bed1fbafde11c156b655e04f",862511368.366329
"819d2a7c3330480b7217577d",737321425.07583
"e1967b56ab8ecd035bf39534",681455197.594213
"08d0615cff29645ee70e20e9",909296066.588849
"2e8af16a155fe18c8c6730a2",751924062.321502
"882e8e77fa1a71288f6b61cf",604052842.280129
"7930bb0822caea5f6451bfa6",628258819.095035
"993a18ae04d78d374f854262",680612626.216848
"e5527bb25c85988e00da339d",630487419.050918
"07bd45129563bd2fd974deeb",475601214.704815
"83727953ecffc17bed632d94",588503742.367887
"2e2d3f42f4f8369733b3bcb9",768941852.05934
"3b23a71bf40e800a66bdeab2",701852821.454442
"894f346e0ad39c57fc0f369f",868392643.412867
"d1fcd31555048d043cf084be",456518830.505211
"8d48f73816b248d1166a09db",767924912.916235
"32d5a20c542a8194a6aae965",571022973.296071
"53870de54350a8cd7c13f014",713163122.008413
"31cdb68dc6476128c4bb2f5c",789432489.838746
"4be6d93d8ae1375156444f05",582373667.168805
"33a7f6aebc3e2d480d287199",772346103.620904
"e1e188d3f9940f9dad98488c",772346103.620904
"76167f6ca3d2c404104b77fd",714537252.617377
"9297c340db8a74e10dbba148",755596611.670742
"0e001ee8f27e1a2fffaa0225",830992799.015664
"ae3868ac8c44128b8a955829",773468226.195272
"bcbd20cfc50e2f032b174b56",412004377.935565
"253560c855216bd9eb102595",578336613.804476
"c9c769e7ccc99016f61269d0",572159985.659226
"7c07ba1982289ca3abcbece3",761731891.94904
"c5c024d11b3ebb2cd088bf6a",730580776.929869
"f0a8fb06fcdf8997bcdcb03d",636030920.081529
"806f9ab2a016e774689ce2b9",386580554.444946
"4491bda913188aad3c66ef20",745460716.646758
"0c37c0d27631960f9e0fda1d",771091055.387893
"b50b45bda0905a116f238c1d",703085196.55428
"f0f8e755058d48542b9cc4e3",768496044.141772
"b3005057f48c1794b7974f4f",703085196.55428
"e1e5b0bd721a67318a3848ed",489899273.769356
"d96155b72c02bfa04f7ea98f",453952259.16078
"3825ce5030d951ef0fc2f7c5",528362029.605567
"99587dcb4237fe90acb15b5e",489980793.024487
"452ae373210337b8008ea2a3",712404697.541228
"09ae7df5577582ce7e7b0aa7",711448381.463497
"b98967876009fab4290736f1",709239261.50598
"24a4a43ae4c687bda1066227",751411922.104524
"c509f2036a11b7132c633d2a",844510309.014879
"bda914dbacd42b2b7c6c5179",882174775.197716
"5a681060eeb2fc8f1b3261da",565447712.868387
"016bb199b12846ccb0b03191",782694050.219368
"ba94676bc0385678ce3780a3",790352819.131145
"b2183e5bca67574df7d5985b",456544686.964276
"baae43ea29f7e419bbecf998",521320326.553817
"ff1a7adf260e637bf316812f",633945036.92562
"8e56b5dbc4cf628ac12e5bef",824422000.602109
"c8941b8d7626f7b33628158f",696536451.872101
"d504ed869ece1b1d6e724452",595213922.936978
"1acb5576ccae1f0534f614df",566615654.611495
"ff228869121d053ca7bbe431",768748517.643477
"ee4dea05e93581750d613c59",571022973.296071
"5d507cdfb7c233cf96dc6a83",753633831.118716
"faae4324336f1211ce4c7809",647597520.871099
"9a8e471c8f4488c3799483ba",589242034.337809
"d040e15e50d655f4d19bff54",471513222.948854
"efc7e89ddf3de559154d8e0c",803222233.219964
"e91598736dbb7319952f0dfc",659146648.599585
"4046ebeeb7ab85affcfe337c",817829112.024372
"d12059af22bc7d6ff170430f",825691469.132651
"99d39d72083d7485e8944a3e",587079962.462403
"b9ab2dcd8d1855e4bdd540c4",665324323.924013
"97106114a8d353ffebbd07b7",753494033.117338
"d5c950db90c92be5fe753189",765288700.95341
"119833a13f3f7df22d2b270a",548520892.796269
"b2078743e33e1acc49c2d2ca",659146648.599585
"fb9371f86ca6f4e62ae374c3",467340575.294214
"6a39a747417143f0cd24f3bd",818125926.789381
"7bc0c9e2760e4b1488522768",627690231.569346
"3898683e5d24bab9eea24d30",704524294.151465
"be0e466ca7d6942282c8626d",660390467.39368
"2d65980024ded46854c25260",758222226.745593
"87aa28825a5b8ffbac5f2e2f",653299839.436835
"918b0d900ead8267aab4cdf7",707942475.253577
"0c85506b301862fb58b467cb",480462451.099413
"4bd031478b15017efd41b2bf",804982392.888924
"48bee96c1f65b8e283d67483",575558128.387889
"7618cb8d215425c931f47886",652698668.732679
"a7a219e7cd18f3c4b83649e0",471019302.91585
"9d3f5b59b9735da05588b3d5",450158476.180381
"6ac5f5f52cfeed2f0ac9d018",640924209.097555
"d885902c923752eab7b619e5",484378408.722462
"b183e2562cc4816244ce0e1e",799875900.473944
"88622b66e6c47cc62c3824c1",603581274.745358
"01230eede2a4a74ec4ee5105",661319869.863245
"060451a9e3e0416ff41d253d",711657938.216087
"3ca0e7723afebbf53e390297",827031731.621871
"e2ecbfaacf11ed16fd71abcd",601112891.031358
"1f0d83013ea5e4c3f4beb583",689707141.389664
"450c4eff7e37a271fc24ce3b",588119911.763441
"a70d331be751cdc3bd0aab29",377925849.755038
"41ac76d4fa450fe0c377a0e5",377925849.755038
"2ef8a530db816223dcf474a1",471019302.91585
"d09c1af87ddad4ad11b82626",480462451.099413
"35b1cd8020e7efbb9ba5adde",787301211.24184
"6714f846f2fa3527641ad96c",770686352.713573
"4cd5338bcf246ebf263baa35",615091203.761103
"0878a639ab8e6b6e69a3df41",664624610.572199
"f4c118396d781c140d8c9b08",472114677.671564
"27151512d4b592014137ac1f",946409058.89938
"8e5123f5ef1da66571ccb600",803222233.219964
"c491a13a87fa1ef595b35826",794500061.060229
"52d6c4bcb442eebdab338116",952974709.500939
"e23d93ade25e73614d7bcd77",810476459.298057
"43059ceabe98412315566838",680380399.865256
"93b7fc7c4f07a7f117e687a4",308796910.789598
"09caddf25db3ac8e1a98565b",675143039.875495
"e3034ebf243b024cbef83cc9",605366540.778176
"63cc884a9c5c888de176461a",292525952.019941
"069fb1f8d0f06ac2fee87314",326075173.505617
"059aaea3859c4b9662ab4df8",417080495.218324
"148b157ece514d99be0a7f93",454189553.004154
"9c4f397c093dde7de5d485cb",553692501.875535
"e28d8dac5c1c75d295a9eb3f",417080495.218324
"a804849802cc0820d25f955b",417080495.218324
"fc43df7f26644fa464ecb090",387420466.42605
"608b26adceba64d9ebc5486d",417080495.218324
"be8bbf40db0dde8ed4cf338c",417080495.218324
"d255f73d4066fe559065266f",392333027.403158
"c552cfa8e6b8c8be2c963ae8",437408080.526744
"5ee020d4adc767b3b16fffdb",424344179.944062
"2a01945c2ce528c02b391c61",414072909.537184
"dd7ee555ce0b2d58dbd8a9ea",389214598.164806
"a732aefa7ea4715325e9e80e",471762200.140171
"c6faa40acaccc1603c29df96",387420466.42605
"fd8caba10cd4d1df27605358",379097593.872136
"788c49c17df556bce0abf6ce",800941003.966389
"2d0d803cdbeaec6e2626eebb",550931919.864246
"0872074f7bd512dbd4609c85",587264180.894303
"3f97341f90b11e6a7a7f7c2c",452854431.944837
"2bfa301ea435f929e6c0d1ba",474175288.520751
"1d029020622a600aad4c2991",684201272.717877
"8a100bd7f5da66664a2680e8",499527328.344366
"1441a28c376a20c90d72cfac",457149017.399712
"495eeef459e80680720a0ec8",591236953.270706
"df81d07cc6e8fb0a01c0f404",612538404.201157
"e23ae41983b9f112f05bb703",531433970.543711
"a2ba273b099221390bee92a9",459320585.216524
"63dfd58a5c43cc7c0a468209",459828435.039104
"27aa789e29e52ef8d78b9bf5",675637903.776826
"fbd613ac06b6bf20d76822db",556163988.348423
"2a805135d8030b614d9df9aa",500101143.810882
"22c9b57a67cbef0920d09174",543590722.003224
"fb76da6072bea5801e407990",581539139.820182
"9050b1061469970ce28742a7",851525952.047151
"96f5db1dd0f36d1087172fcf",536271646.625837
"38cccc333e2c38bd608e1880",615581234.429506
"efede59a47d17737f90f4bcb",631902135.603318
"bca5301e6460eb859b7ef34a",557489801.413614
"a23a13e43f3e08ab82c6ef82",549868484.16304
"8437a42a8e7ebca46eb088cd",482752383.319671
"6e3cbc252c449fd4b758b97b",590491412.152009
"6cc6b0672aaccb8909f3a751",568336054.381214
"c60c2efec3c12959d86fe3c8",563848728.697346
"d0e45d520227ef8a1f53ba28",581648015.596616
"e45293f1e6ceb2fe79f6e0d5",607036931.409242
"4202dc3f8255586e1ccfff46",548421672.535656
"1d04d5450762d664fcfab674",619492738.147047
"a3f969063f78dbd95e6ee795",535730403.924499
"2e3fc1d628f6727880d3d4e6",590491412.152009
"22ea31eadbd3a54216443137",459828435.039104
"6490a1eff73727bf62458b0c",571138658.419435
"49721aafec7123f6ff4d8010",620956277.63256
"bce608b4629b6c8512ea2fde",654557442.610191
"a7ba3ccc4831ae7e539f0cfa",616207603.482154
"959b2293af0ee4f7c9fea7c0",535101403.573202
"bbbf74a3abf9cd8718384a65",577779000.344825
"680a71ef7ec15bd919c06320",532777924.429552
"0bcdef6d56052acd2afad93d",558108432.47376
"1bb885a07f57936b919629b9",632191471.673108
"8a222af682e2d7796643ccf7",540196763.08546
"3370a48ec22302456c41ded9",617249126.056697
"46fb04e7578da5741f6da4b8",566120289.617347
"e9da7f2549d914aab6a30e10",464716114.203882
"10d0506d84d778da572ec635",490473165.422518
"966e8fc9af08e76f8b276245",527393455.418805
"0da2a849e0f83b17b006e50b",453894151.22888
"f7101a05db93cbefd6a3b31f",470674251.657361
"b74fd7f7db38ec233c6ad71f",537727121.775043
"0d63e52a47fa884e36f10810",535577840.005919
"77fa49bcb52539888d481ab1",577435431.292832
"6f412fbb33519fdd31e741c4",462567073.765756
"6615da422a3864d415b28fe9",486341402.284948
"f258fdece395f0c4f4da6a96",444332572.130459
"c54c645c340f59dd5f47bea4",608605965.372499
"bdd287e9de82903f210878d6",570807643.506159
"e110abe74ba0ad062c9b575f",548262923.490881
"47e5ea8cb7f5ab6703803690",563904614.197813
"e71c6f7437c633e2d9da643e",561796365.41951
"783161faf2e3501c38c0aaaa",542244938.335538
"5fc3de15eb0cd87be5ed2e6f",613348687.490658
"4066155e224520530ce985eb",572646908.824809
"7745863791b5cc6d49f84c8b",822763907.698112
"aa7551be1b8d6278d38fbb00",513532646.627012
"d654c9bbda61c4c0ee1ae2cc",464099996.542051
"d224080523a2bf2e81698d15",910864474.710588
"5f8d0a2ab1f9136de446528a",692497661.276882
"405fec98d5a3c8981173311c",490598078.824481
"2a9e77fd00aaaf773d130914",594994230.054546
"279b76adc4bc9f8dd86759b1",541228172.818683
"f815ec1a63e980717c9c3290",565269030.490249
"a8fc825e34bd9bd56ec5331f",559988429.998239
"248ed6abe6e528dedde951a3",495418716.955488
"2bce6544d58b6970192a1838",457389336.463944
"352a76b301243d22d1b31f79",457149017.399712
"bb9991da696d6e1f13a32d0f",594844744.064946
"8e88e6cc55ca769e472aadfe",520985405.179305
"339ca7bc687766f517ab3274",479879459.274107
"93375efb2e74f4913d21d94f",466887877.422694
"17d7e6d321bb7394546e6b7b",458839108.862217
"0f601f5ee798174ea9d52caf",477862394.919324
"8ec8cac469f2448654312aaf",1074788636.77563
"affb62139f02e524692ebc5b",699983100.846147
"c01199a4b2fbf0f6cbdf2a65",763246402.766674
"4d1f49443787c874ba19f968",663226607.50055
"035c61042b7dbc7ef888d1a7",778369974.087527
"0fc7d98f75bc1c0b782a328e",685881495.554193
"b1924a5697dfe829b5b8ad76",684058313.168238
"d0100c18dba3c334327b29e1",613811442.603038
"add1a20e8bba47aad2edec69",676075039.657706
"fe8a78de9ba7b59a112e0046",670796198.782051
"b319d049a3a8e4a095940106",607109285.593687
"303dc73dc1130de9aa2f70f3",662426806.749451
"e471b2ef30c388893119a010",602904747.047397
"9309d812688d0d2bdd33d830",757962118.821244
"fdb192e57e3e48f70a492b87",675893755.463608
"c514c9a35632e5a9c0476a31",656231187.363243
"3bee8a9981a1e9e13a05cafd",603595175.007808
"9c942287410db3d0739e182e",746716887.576542
"f59b9c03bcd4e0e06d23fb47",714715777.798337
"4c11f4ebc622483532c24a06",601889847.29758
"1f53612f7029a21e2e9f74e1",681660546.261194
"1f4b6eaf52fb940e666c1c93",764493806.36907
"dc65f0bafddf39c6c4b2c9f2",669389477.298839
"344823ba2777540ffa2a8fbc",691851936.009102
"8cef9b18f20e9c5a32e7ccc9",586327740.492993
"413d6e4fb772beff60f73e2b",686071709.381442
"15d3ae51558bfeef80b9e97b",797017398.698582
"b81c26f2ea6b66c8315d1146",678868953.924537
"c3786f81345d39fd8b353da3",610016615.211567
"6c568d2287dcf12b2aacd388",604839371.29786
"e6482f3b6184515453d16bf2",619313743.404135
"32c7b848ef60432d98f415c5",704422755.625008
"1689c3e3982382e27a4ae074",699995519.846533
"3d0cc51b7a2392f3be3b1666",609472180.349473
"1dbec7879e793ba9685741b4",688912964.627656
"82ff2a63a863c089ea90bb5d",718399022.464198
"3d9856c3ee0a4b5a833c69ab",762264334.807767
"6f293451319bae38c71b8266",609472180.349473
"dfc817b569fd71d2dd47e980",645711599.344311
"c34d46d83e76f54d53cadcb2",667497972.211755
"e08ed8c82d05dc3cad8cd2c1",661693935.202427
"e21f2a8d9c641e45d442686a",659420074.352494
"f1793973b462cdbffb1ad648",678751065.682917
"b15bcd6248958d98867ea585",660948656.455576
"e640424f3b7d1db403c36ba0",667790974.000575
"658c0b009a09339a3f312145",677009696.464065
"f01fa45466e2730f935a4128",596387262.316607
"b4d69c7bc93efb3790eb1422",740525753.308464
"c2242a77d30c0abbed667ce4",646438844.245072
"39542105a7c46ded0cc373a7",710259424.645373
"13f42390057bd294cd787822",739378608.725428
"183d99d88d1e7d995180918c",595322740.64937
"60dd7dc49139e7816dd8b143",705069411.716045
"6d2ec752890a2f1c4094044d",604289673.046387
"0e776964ba3733f3ac18a7a0",707443567.066329
"92369f73435d1ac3fa95f185",637019529.738053
"8db285eda04ca37b86dc9724",709992649.756999
"a7b14faa46e7b73ee4e95ee6",682466959.742278
"010e676743f6afc01fd0838b",572322020.208277
"987199d3a23c08ca887b301d",676216269.995796
"4fd8643e1c43ce9a0c18a19e",654630129.204873
"4d0985935e1432b3916d45be",625424895.415047
"4623317e8c9044e314ccc4e8",701602678.750528
"ef8430c4d15e5887b8103bc3",572322020.208277
"cd6ecb0f77acd93cc1c9038e",701163042.669942
"b0962bfdb6a2c79a0ca84e48",727269647.941826
"7bf592c5c34bfe6a5df3dd40",686081099.012009
"9337becb0628955b47e45b98",572322020.208277
"9ed0bcdb62b2223d716d40d3",660391073.593751
"4255eae670033d9c9e9a6e3c",712467180.275908
"c5346c37454ac2b13b92240e",673313749.346753
"94fd4bb5f41087921ca12b58",588158920.252147
"ded674ba9c7b76cda404bac6",856830523.625343
"ce25e9fd3bce9b75050aef5d",643467360.998113
"4e7d3cbe3c62123fa7e2d969",605174752.906334
"dcf5b42ecb23800a458562e9",761575206.641916
"0d53bfcecf0397ca27e5f78c",683211402.287246
"f4ecb15ef992a677e8b4fee7",698047145.237998
"46eeb8f186f86f7859274d4d",673304597.71347
"b5a7d4288dc7a7868678b9e4",740191284.867056
"34f99327fe595ba6e32d89a1",721646420.717101
"9a53016fdce3d3b5c2baf3fa",600068835.19131
"26be10d0ce8b763e9b457e76",609190364.317972
"2e111ff939191cc6df2c59bd",696175470.484045
"ddcce0b9776593e3ef3ce21b",769145902.084594
"937c0b6350beb0f51e53ff8c",675105326.27603
"f50941445773dd62e87e0416",602904747.047397
"93a1aefcc4ccafe4866bfc76",739138945.707709
"70c0a72b31dbc1b97c102c13",572322020.208277
"8aa9e1e89993aa49c5c3eced",741248057.591706
"2a5ecebe40fc09b45d6ee5fc",746973059.626554
"5f798656baebb094a3c83793",744244884.162095
"596b6f435f76058493a16cd6",780835859.287315
"1c510a71734e955f75187106",803648605.469698
"07de14db9dcc2d4f9eac0dd2",742455991.562864
"29503210dfd57bfef8f16802",945626957.475833
"89575a90c7b9b960c8f4e052",762945849.856384
"bb5a6045d18e19613325dffd",728139944.94321
"f984d34c8f27e3cdb7c2a44a",782057857.127902
"90822d4e3a369948cdc4d998",808003815.014914
"5b9a21a42d5f50ed4b10581c",841371301.736934
"1be01d052c6a65c5ed286bf4",727975101.904791
"b73d317e1e8ddc3d5d0743ef",917730345.986891
"bcd302e3b5342ecd8cc056bd",784726508.510928
"eb8956f0c4a885619bf1ff79",709187353.910047
"d5b950c5510c19ccb926e7c8",770500249.122607
"1e37ea0918a00bcfaded3453",796181119.884549
"1d55f4694f3e000ee3ce47b3",794707219.105815
"cdc3e114698984145df842c7",942320500.417895
"9c611e246a612ac6906abe8e",756473096.545853
"c0c820463dfec602a6118ed6",838553578.643494
"6302d4fff078a118c3211794",671328280.054597
"c98807fc596bb2f505b4da9b",754711920.816787
"cdde8657b5a215915a04126d",731505535.282734
"3b2fa7905fd8fcb3e11ebcf2",838553578.643494
"59764968800501c68631aea3",850899226.444168
"9eab02171cb5f15963670172",745082436.035284
"61f84e5a07f37865c31d4a07",727040311.887946
"1494f223c9d3ffba26e42738",800582968.787598
"ba137cbd10757ad20e5991c4",727415552.971259
"d2fb81a477ef3690cb11c93f",876025334.240295
"ec4f7794cb756b995d5d207f",827864108.927331
"ea4add08aa912717cd42f9f7",806658238.951307
"f11d7627e2f18c9a75595501",760408260.812799
"8095589d5e1a55a76281e13b",755113842.458438
"f5add08cb615eb18b3153bf2",720716771.224388
"1894346a27970572aa703cd2",782057857.127902
"805a491334f865f06ff42329",758482912.911126
"062d5544f5c96db90fa3a526",758121434.257004
"332201e2583141f3a02dcca4",719117369.253722
"4baf1bfced8e85013eca94b9",838553578.643494
"8bc002e1f02beb4d83a6f6ae",808870089.711089
"adebafcf3eb0d34ae31718ef",738441639.914533
"60b5b0aa0c1319557cd0cc85",677177018.613949
"3393fece8a6ed311ad865e66",733154464.830268
"df4a1968046eed5326119599",724858434.860904
"b044b9a587b2c6ca00447177",701531280.366223
"005ab848b35907e42aa0f4f2",749035456.760946
"140a0002732574ecc516e9a8",629030922.675728
"bd850d1ccfc4b21a72f3ec44",711059617.311125
"c6dc8c201ce38ff2ea49cd68",803798686.284648
"572ae40f693551547e13a196",601430157.262808
"b39d1b2637dd8e307c8ba13f",799294387.277387
"2ad02d6d56b95ff3382b53b6",694734464.913817
"5201393754f4a5f2a476ef0e",688844403.845043
"72a66bc6d15390eb05a5c688",985803737.532671
"1f1f3e47f3593e4b2824e628",609059114.360679
"bb7e14611ea6b5e4abb5b89c",580156681.20189
"b82f8abc8001cd6731c4ef45",519200176.569401
"6228854021e72af611d2e59a",520627632.891431
"6d21e1de9c880bfbb17350cd",744575300.800242
"7cfa0c98191ef9b7c45f0520",594999240.247588
"a739d80c3fb6b166a2c2182b",577219347.000325
"36f85981124e858c157f83df",588162380.917276
"3d6d51ca99f2747d6b92dd19",665179666.066169
"092b7b5bafe25bf485de37a4",762182867.041917
"f2e0163fa07f89820739dfcf",753808079.313998
"ba47346e7a53412e78363ac4",782000047.30864
"f86e80b2a831572b85b04e55",525576495.255588
"199a6f7df516a685f086dfa2",448625655.54497
"81f6d6790aca5e9270c3d1a1",483783121.826664
"74f099ca0d949c8042569d51",485792442.341982
"4df3717406f9852284576caa",618144311.02527
"5246f7d8023a4c178af6d10c",605564519.05489
"69d9908e13bf7c8ac4c30531",503696992.095988
"e336d9d892441c7ad886a98d",772551789.141266
"f82e1c70884ee1285e1bc491",525860242.521603
"0ffbcf7d58378c85b4103c7a",454305415.477616
"3679e1844a35c0c87fffefeb",576971862.597643
"955a15a734e56eb287555307",525860242.521603
"722f262a44b2bb6fc05ec35a",534316481.225963
"48c346042d9cb826a3714466",485792442.341982
"bc4b7bbf5df92f476b6be103",596288143.472359
"667685f89a61aa2ad5c9ac7d",616445702.807407
"8be5fca8f4339712c6f3e29e",744030262.214246
"09a5fd22f920267b464e2a00",671489332.942272
"f6d2d31af94a6a73912dd9f5",777020842.522096
"0e9a5ea81f6d91038d8711d9",803186204.036484
"8b2d8edfa6788ddc0c7b3eba",776459977.585403
"2f48a73bfcc91272161afd39",649034870.856429
"a78417c74b8c99279912e427",901851253.201831
"4d69f7c7e0e837879abbdf78",884047451.941041
"926a7b18e48cdbf6ac3b396b",787503716.305055
"a06733f7b3ba964c20ae2698",788096885.039416
"02d598a32d864c289e3ba6b0",697519726.161658
"3977cf1326ff502251f78f66",598459621.693483
"c3cdfd0733404ec885eb3edd",608257310.34183
"a28bb09e30bca82627e595c2",764576143.612526
"0a2f8c8ca6094e6626d4e8b1",724594278.108749
"ac9baabfd96d58e376149a7e",862635302.242383
"700a052900adbfa149dd5b6c",792660386.180103
"4b30968cdae59b4ef3298f19",826100921.109986
"c673d94552bc3e451672939f",831847565.580115
"75392e8381e1c891377fcb29",704380848.037377
"a55d7074220aa6a750297c08",697529773.524876
"81eea19e7c12d65d21e23648",820311127.945279
"69df7bc1d82d9723c70eca70",697529773.524876
"815cfcc4d26738f74cbb67ae",951320883.129379
"5ea150753f8d07c71af45cd9",840200794.700606
"f851b02d18e74610a900bf14",813784267.312957
"76b9af8036e38d5d30ac4c7a",803846138.057261
"4ec5ab39cae4afc3b0e69438",598875517.751436
"c74020c85c9fcb2a2cb3ac74",519673816.618159
"6d6ad5e3ebaba1c11dec0f16",612376132.837543
"acbe4eb98668ff4967a8cb86",676566448.645651
"16a40e3dbfbb9c703e04028e",561601163.854812
"ee5fa0932e098cba28d950b1",758969104.396098
"5f9fa56b99677a489a9966bf",580156681.20189
"4045e30cced205e8c5b2373c",440492248.493533
"eb2c7a973d4d6ce8e6ae87a0",767514955.10721
"99c69eeb96e1016a7e53b33f",642679050.40346
"aa7f56d05ed29183b825d61d",475047891.452326
"4630a9af58fb79c0008e5fa1",590039244.782297
"ac003932eba3a174c5b998ee",508144713.849888
"56a7470ed14454665aaef75a",884601875.183289
"a4e4f56336e07304cb946b1c",739296741.872306
"00ce045307538da1b0bb7972",714010040.852015
"cad720be1395e2ab5869807c",387420466.42605
"344be03236aed65e74b14a2f",416090854.40868
"58a86bf535b4c16b50dfca06",465433289.317424
"d52c3915fd7d2ef8c92a22fe",416090854.40868
"8a4b7e86a90a296e10a49ea3",490618613.008339
"e1717a317481b0765a7a6a0d",471815537.969568
"97fc10f5ce4a6fd7357381a6",416090854.40868
"428f4bc76d4cd315ba8f89e9",518977439.341169
"4d882ac2b82569f74aa08824",479879459.274107
"948ba87dfd7993460c967cb4",416090854.40868
"1bee6a5aed5417181a3db77f",495689753.83444
"63cdd73026431f5566fe246e",470790807.541662
"013e2a07f94a99323b64d370",653438054.112691
"ff56b24cf15289dc6d14800f",649269551.031465
"7bdb94165857bcd37206cf18",601399150.317289
"1d1e29d9601aa0eddb4d6c2c",542803815.245586
"a8c9489973c54b93737dfe20",538015985.37964
"254892c6b84c59ff5ac4f354",471569351.364621
"c6e9772058edb2268434d7cf",656214744.040945
"916a413537580440c4ac6028",623174045.895525
"bab8e472424cd57faab87ff2",594626830.058478
"eae5eecfa2fe828afbc94b0a",562013652.719515
"da26059a2cf36e02b8702320",565609029.712446
"e18fecb7e40bbcaf26c863cb",604483496.955034
"a55906464634558b94d9298e",565282494.813661
"3032ae39e739fe46e9e198e5",492561291.207024
"663e062b85f16c2419f8456b",515982105.324096
"aad0e527c4bf6283f76b5bed",536120701.481067
"32fbc0f1934f7325a404a2eb",630227758.423522
"07d1137c1f0aaecbbad32f7b",652457764.674894
"3058b792e3f6781e438a2e9b",615018932.820904
"33d6b1bbab4524c3aa03756c",608737056.110093
"c75d43b8089321e359e14264",652503649.320563
"29ea1796aede16cab8a50497",540834783.037964
"bed21c41b31a3bf2095aa273",546285966.620629
"ec232a7ee3aeac713516614b",603642873.248251
"bb7c68c2652c7e124d88631c",567811667.744046
"697b6c6f7666391fc689cfb9",610659945.88272
"d912e45dda1a3a628fdf50d6",599368446.955902
"96fa88a07329d3988b6b41b3",616571604.115159
"66019487c37339e9354ca999",501870892.36345
"fd2dcbcb8a31e97f31d22a53",618445766.799094
"1a309175498997e1b8f0aae7",666737633.890683
"e83119808dd08ca090f5ed85",551058097.49838
"1a26960e24de046588ca7837",558567199.221283
"379c4fce87557848548b0944",520303237.058736
"b2d7355eb2aa975900776275",628855856.997069
"3b05e06aa0bc40b9db16416e",520303237.058736
"4a5405b1e181f5b10fec35a6",767152707.180473
"aff22625564f00844ea2610b",592413868.83479
"b40addfc0da42b0e530503f0",726744651.884989
"9200d647b6ce9aea67ff8ac7",754971053.876946
"3057660e38fb757dbc8bd898",671095075.940108
"799be2171dae4763df530e4d",669642280.403308
"819265a930d32a97533d132d",769292671.576871
"9ba689b29d0696fb7ebc44d5",855044099.697617
"0f7e28b6efb9d550ba28a1e0",712133856.940477
"57551742fefae23bb32571f4",693167473.817486
"9569a50febeb4163e28c192c",780828693.379872
"1d03efada56f8a70bdae6aea",708311922.502366
"bfa56d6230b858591743473e",682857353.103232
"ca54914a1cf1028b9c8b681f",665059303.204327
"54304b6117b797791d266cc0",693491522.67868
"166ae8e3d0704209d6715240",660391073.593751
"b56659e70367566a4ddb81b2",758095909.283324
"2641f220611056a1f5616dae",742701155.337059
"08a82bb9fbe4b7abb50cece1",691742259.796995
"b40a9888ec0379fbf85516a3",807080196.366954
"d35462df6c686296a3c7bb23",628133502.657751
"db244703ce223e6acacbe85d",719438907.417719
"a90df94f959030227fa015b0",625737595.36384
"d97d462ac4f5d9cbbf04e9ca",724026981.488199
"7fe6ac57e87b8126ac4f8530",730190542.455615
"69c28dce8eeaa86605143419",730909442.790622
"2bd6682ad8343b69fae1a59e",795923034.076278
"2e6fb29cbc1ccc3d97c92c72",663760903.913314
"9eabba4531191127ee91621b",685855414.854909
"d0c411218ffa7c3ebc10783e",672931409.441283
"0c61a011d7fe0227be2b3575",694833901.434137
"2c47c3ef9e139d8c4513a090",685854694.266621
"f6503aab62a68ca16eba3fec",620211021.81016
"e7dc05756684b070b36d681f",750674931.609422
"17484950b143d0395907ae6d",687647213.886886
"3d997123b33373024bd2cbe1",767846443.633407
"ddba305c2a3ad29db24a0658",794707219.105815
"b65efc402cfddc0aed4e1d76",705976533.578222
"4a7ecb05c9886bc35f6b9160",824197702.917191
"b4e14604b888c994b64f94ba",688296454.578835
"ab37764e5f4e00097eac947a",754876978.984285
"764da64c41700da5ee80b8c7",715882567.221331
"8a84a073b855e37a12327357",740191284.867056
"5a6878f8a47f1fa2fc1d600d",715897323.446419
"505f3d545ce83d0c848f828d",688844403.845043
"6687a2299f38c15598d11eef",841195972.172438
"533134592237b2748915eed8",846967720.124833
"daae80933675e767b50bdd17",783359114.941295
"945f85a061dc4e95e779e27e",958338125.247886
"62dc69d80cd6ea9fb7fe52db",900748477.421833
"153436858070f7e724f0cbc1",751899190.414335
"7f9875a5336a32d73df2402c",841371301.736934
"ac11141115d391be44e6426c",829863848.780147
"f8243b7b679dfe8303180d73",797289220.727795
"1376106ebc19c929df27bb62",1085585547.87606
"f591597c9a1ddd9852eb3cfd",653438054.112691
"a748841236a7a7fb33138845",577219347.000325
"6ef43ab43841696400d91859",565447712.868387
"601310d800d88f0d387235e4",843123894.4684
"db81ec58863dcc5d12839883",575558128.387889
"68d35dadc6d0dea61bf4b513",504735127.821507
"ba9be0b67571b1e9242664e1",631246370.240409
"1690af2e30b05da545f1576f",792655036.188553
"fc72ebf9381496067101da61",479379580.688236
"3a2e95f5eddda4df84b2e2b3",591129560.327056
"a660d5809085b4823e287a5e",456057688.505232
"799301c01a3e7fc2af5a14a9",633159795.000198
"824cad597aae34d7d59ac939",671782798.191948
"23cfc154896b93bce4356ae6",602323964.88876
"a9b96d2a23ed155043085e87",635510332.748808
"f5d529ff6a35fa78ab14de21",655248781.395393
"9b337cb1451a8fb078dc9a07",641399832.846835
"cd1fc7362660bce494b5117a",505453894.327698
"26454cbe44a07cd0df12ca07",771630224.114037
"cc5563550bebb29c83ae3054",691042032.76622
"109bb36f29b223a81dbfa340",761083201.725659
"31081c78ce92e1d8dbb315b9",669678068.550419
"502aca1a1097438b32eb362e",728094046.784529
"4c90ce573f1d61d11294d05c",756430562.066028
"87f1e9ca16a7ea48de04fa73",744230977.606409
"224f6e839dcbd91491f3f1ac",602397823.237063
"8ee7d2e0692e49bf9d308b4b",698484223.511997
"a3ff6a1fe37a1bb736b1100d",701426314.535061
"97d49e61c1ef55451e52c8e7",701426314.535061
"b6514cdb1e2cf37e3ff8090e",969733158.11775
